1 0 0.875 0.63 0.259 0.001 1 3 5 7
2 0 0.875 0.63 0.259 0.001 1 3 5 8
3 0 0.875 0.63 0.259 0.001 1 3 5 7.5
4 0 0.875 0.63 0.259 0.001 1 3 6 7
5 0 0.875 0.63 0.259 0.001 1 3 6 8
6 0 0.875 0.63 0.259 0.001 1 3 6 7.5
7 0 0.875 0.63 0.259 0.001 1 3 5.5 7
8 0 0.875 0.63 0.259 0.001 1 3 5.5 8
9 0 0.875 0.63 0.259 0.001 1 3 5.5 7.5
10 0 0.875 0.63 0.259 0.001 1 4 5 7
11 0 0.875 0.63 0.259 0.001 1 4 5 8
12 0 0.875 0.63 0.259 0.001 1 4 5 7.5
13 0 0.875 0.63 0.259 0.001 1 4 6 7
14 0 0.875 0.63 0.259 0.001 1 4 6 8
15 0 0.875 0.63 0.259 0.001 1 4 6 7.5
16 0 0.875 0.63 0.259 0.001 1 4 5.5 7
17 0 0.875 0.63 0.259 0.001 1 4 5.5 8
18 0 0.875 0.63 0.259 0.001 1 4 5.5 7.5
19 0 0.875 0.63 0.259 0.001 1 3.5 5 7
20 0 0.875 0.63 0.259 0.001 1 3.5 5 8
21 0 0.875 0.63 0.259 0.001 1 3.5 5 7.5
22 0 0.875 0.63 0.259 0.001 1 3.5 6 7
23 0 0.875 0.63 0.259 0.001 1 3.5 6 8
24 0 0.875 0.63 0.259 0.001 1 3.5 6 7.5
25 0 0.875 0.63 0.259 0.001 1 3.5 5.5 7
26 0 0.875 0.63 0.259 0.001 1 3.5 5.5 8
27 0 0.875 0.63 0.259 0.001 1 3.5 5.5 7.5
28 0 0.875 0.63 0.259 0.001 2 3 5 7
29 0 0.875 0.63 0.259 0.001 2 3 5 8
30 0 0.875 0.63 0.259 0.001 2 3 5 7.5
31 0 0.875 0.63 0.259 0.001 2 3 6 7
32 0 0.875 0.63 0.259 0.001 2 3 6 8
33 0 0.875 0.63 0.259 0.001 2 3 6 7.5
34 0 0.875 0.63 0.259 0.001 2 3 5.5 7
35 0 0.875 0.63 0.259 0.001 2 3 5.5 8
36 0 0.875 0.63 0.259 0.001 2 3 5.5 7.5
37 0 0.875 0.63 0.259 0.001 2 4 5 7
38 0 0.875 0.63 0.259 0.001 2 4 5 8
39 0 0.875 0.63 0.259 0.001 2 4 5 7.5
40 0 0.875 0.63 0.259 0.001 2 4 6 7
41 0 0.875 0.63 0.259 0.001 2 4 6 8
42 0 0.875 0.63 0.259 0.001 2 4 6 7.5
43 0 0.875 0.63 0.259 0.001 2 4 5.5 7
44 0 0.875 0.63 0.259 0.001 2 4 5.5 8
45 0 0.875 0.63 0.259 0.001 2 4 5.5 7.5
46 0 0.875 0.63 0.259 0.001 2 3.5 5 7
47 0 0.875 0.63 0.259 0.001 2 3.5 5 8
48 0 0.875 0.63 0.259 0.001 2 3.5 5 7.5
49 0 0.875 0.63 0.259 0.001 2 3.5 6 7
50 0 0.875 0.63 0.259 0.001 2 3.5 6 8
51 0 0.875 0.63 0.259 0.001 2 3.5 6 7.5
52 0 0.875 0.63 0.259 0.001 2 3.5 5.5 7
53 0 0.875 0.63 0.259 0.001 2 3.5 5.5 8
54 0 0.875 0.63 0.259 0.001 2 3.5 5.5 7.5
55 0 0.875 0.63 0.259 0.001 1.5 3 5 7
56 0 0.875 0.63 0.259 0.001 1.5 3 5 8
57 0 0.875 0.63 0.259 0.001 1.5 3 5 7.5
58 0 0.875 0.63 0.259 0.001 1.5 3 6 7
59 0 0.875 0.63 0.259 0.001 1.5 3 6 8
60 0 0.875 0.63 0.259 0.001 1.5 3 6 7.5
61 0 0.875 0.63 0.259 0.001 1.5 3 5.5 7
62 0 0.875 0.63 0.259 0.001 1.5 3 5.5 8
63 0 0.875 0.63 0.259 0.001 1.5 3 5.5 7.5
64 0 0.875 0.63 0.259 0.001 1.5 4 5 7
65 0 0.875 0.63 0.259 0.001 1.5 4 5 8
66 0 0.875 0.63 0.259 0.001 1.5 4 5 7.5
67 0 0.875 0.63 0.259 0.001 1.5 4 6 7
68 0 0.875 0.63 0.259 0.001 1.5 4 6 8
69 0 0.875 0.63 0.259 0.001 1.5 4 6 7.5
70 0 0.875 0.63 0.259 0.001 1.5 4 5.5 7
71 0 0.875 0.63 0.259 0.001 1.5 4 5.5 8
72 0 0.875 0.63 0.259 0.001 1.5 4 5.5 7.5
73 0 0.875 0.63 0.259 0.001 1.5 3.5 5 7
74 0 0.875 0.63 0.259 0.001 1.5 3.5 5 8
75 0 0.875 0.63 0.259 0.001 1.5 3.5 5 7.5
76 0 0.875 0.63 0.259 0.001 1.5 3.5 6 7
77 0 0.875 0.63 0.259 0.001 1.5 3.5 6 8
78 0 0.875 0.63 0.259 0.001 1.5 3.5 6 7.5
79 0 0.875 0.63 0.259 0.001 1.5 3.5 5.5 7
80 0 0.875 0.63 0.259 0.001 1.5 3.5 5.5 8
81 0 0.875 0.63 0.259 0.001 1.5 3.5 5.5 7.5
82 0 0.875 0.63 0.259 0 1 3 5 7
83 0 0.875 0.63 0.259 0 1 3 5 8
84 0 0.875 0.63 0.259 0 1 3 5 7.5
85 0 0.875 0.63 0.259 0 1 3 6 7
86 0 0.875 0.63 0.259 0 1 3 6 8
87 0 0.875 0.63 0.259 0 1 3 6 7.5
88 0 0.875 0.63 0.259 0 1 3 5.5 7
89 0 0.875 0.63 0.259 0 1 3 5.5 8
90 0 0.875 0.63 0.259 0 1 3 5.5 7.5
91 0 0.875 0.63 0.259 0 1 4 5 7
92 0 0.875 0.63 0.259 0 1 4 5 8
93 0 0.875 0.63 0.259 0 1 4 5 7.5
94 0 0.875 0.63 0.259 0 1 4 6 7
95 0 0.875 0.63 0.259 0 1 4 6 8
96 0 0.875 0.63 0.259 0 1 4 6 7.5
97 0 0.875 0.63 0.259 0 1 4 5.5 7
98 0 0.875 0.63 0.259 0 1 4 5.5 8
99 0 0.875 0.63 0.259 0 1 4 5.5 7.5
100 0 0.875 0.63 0.259 0 1 3.5 5 7
101 0 0.875 0.63 0.259 0 1 3.5 5 8
102 0 0.875 0.63 0.259 0 1 3.5 5 7.5
103 0 0.875 0.63 0.259 0 1 3.5 6 7
104 0 0.875 0.63 0.259 0 1 3.5 6 8
105 0 0.875 0.63 0.259 0 1 3.5 6 7.5
106 0 0.875 0.63 0.259 0 1 3.5 5.5 7
107 0 0.875 0.63 0.259 0 1 3.5 5.5 8
108 0 0.875 0.63 0.259 0 1 3.5 5.5 7.5
109 0 0.875 0.63 0.259 0 2 3 5 7
110 0 0.875 0.63 0.259 0 2 3 5 8
111 0 0.875 0.63 0.259 0 2 3 5 7.5
112 0 0.875 0.63 0.259 0 2 3 6 7
113 0 0.875 0.63 0.259 0 2 3 6 8
114 0 0.875 0.63 0.259 0 2 3 6 7.5
115 0 0.875 0.63 0.259 0 2 3 5.5 7
116 0 0.875 0.63 0.259 0 2 3 5.5 8
117 0 0.875 0.63 0.259 0 2 3 5.5 7.5
118 0 0.875 0.63 0.259 0 2 4 5 7
119 0 0.875 0.63 0.259 0 2 4 5 8
120 0 0.875 0.63 0.259 0 2 4 5 7.5
121 0 0.875 0.63 0.259 0 2 4 6 7
122 0 0.875 0.63 0.259 0 2 4 6 8
123 0 0.875 0.63 0.259 0 2 4 6 7.5
124 0 0.875 0.63 0.259 0 2 4 5.5 7
125 0 0.875 0.63 0.259 0 2 4 5.5 8
126 0 0.875 0.63 0.259 0 2 4 5.5 7.5
127 0 0.875 0.63 0.259 0 2 3.5 5 7
128 0 0.875 0.63 0.259 0 2 3.5 5 8
129 0 0.875 0.63 0.259 0 2 3.5 5 7.5
130 0 0.875 0.63 0.259 0 2 3.5 6 7
131 0 0.875 0.63 0.259 0 2 3.5 6 8
132 0 0.875 0.63 0.259 0 2 3.5 6 7.5
133 0 0.875 0.63 0.259 0 2 3.5 5.5 7
134 0 0.875 0.63 0.259 0 2 3.5 5.5 8
135 0 0.875 0.63 0.259 0 2 3.5 5.5 7.5
136 0 0.875 0.63 0.259 0 1.5 3 5 7
137 0 0.875 0.63 0.259 0 1.5 3 5 8
138 0 0.875 0.63 0.259 0 1.5 3 5 7.5
139 0 0.875 0.63 0.259 0 1.5 3 6 7
140 0 0.875 0.63 0.259 0 1.5 3 6 8
141 0 0.875 0.63 0.259 0 1.5 3 6 7.5
142 0 0.875 0.63 0.259 0 1.5 3 5.5 7
143 0 0.875 0.63 0.259 0 1.5 3 5.5 8
144 0 0.875 0.63 0.259 0 1.5 3 5.5 7.5
145 0 0.875 0.63 0.259 0 1.5 4 5 7
146 0 0.875 0.63 0.259 0 1.5 4 5 8
147 0 0.875 0.63 0.259 0 1.5 4 5 7.5
148 0 0.875 0.63 0.259 0 1.5 4 6 7
149 0 0.875 0.63 0.259 0 1.5 4 6 8
150 0 0.875 0.63 0.259 0 1.5 4 6 7.5
151 0 0.875 0.63 0.259 0 1.5 4 5.5 7
152 0 0.875 0.63 0.259 0 1.5 4 5.5 8
153 0 0.875 0.63 0.259 0 1.5 4 5.5 7.5
154 0 0.875 0.63 0.259 0 1.5 3.5 5 7
155 0 0.875 0.63 0.259 0 1.5 3.5 5 8
156 0 0.875 0.63 0.259 0 1.5 3.5 5 7.5
157 0 0.875 0.63 0.259 0 1.5 3.5 6 7
158 0 0.875 0.63 0.259 0 1.5 3.5 6 8
159 0 0.875 0.63 0.259 0 1.5 3.5 6 7.5
160 0 0.875 0.63 0.259 0 1.5 3.5 5.5 7
161 0 0.875 0.63 0.259 0 1.5 3.5 5.5 8
162 0 0.875 0.63 0.259 0 1.5 3.5 5.5 7.5
163 0 0.875 0.63 0.259 5e-04 1 3 5 7
164 0 0.875 0.63 0.259 5e-04 1 3 5 8
165 0 0.875 0.63 0.259 5e-04 1 3 5 7.5
166 0 0.875 0.63 0.259 5e-04 1 3 6 7
167 0 0.875 0.63 0.259 5e-04 1 3 6 8
168 0 0.875 0.63 0.259 5e-04 1 3 6 7.5
169 0 0.875 0.63 0.259 5e-04 1 3 5.5 7
170 0 0.875 0.63 0.259 5e-04 1 3 5.5 8
171 0 0.875 0.63 0.259 5e-04 1 3 5.5 7.5
172 0 0.875 0.63 0.259 5e-04 1 4 5 7
173 0 0.875 0.63 0.259 5e-04 1 4 5 8
174 0 0.875 0.63 0.259 5e-04 1 4 5 7.5
175 0 0.875 0.63 0.259 5e-04 1 4 6 7
176 0 0.875 0.63 0.259 5e-04 1 4 6 8
177 0 0.875 0.63 0.259 5e-04 1 4 6 7.5
178 0 0.875 0.63 0.259 5e-04 1 4 5.5 7
179 0 0.875 0.63 0.259 5e-04 1 4 5.5 8
180 0 0.875 0.63 0.259 5e-04 1 4 5.5 7.5
181 0 0.875 0.63 0.259 5e-04 1 3.5 5 7
182 0 0.875 0.63 0.259 5e-04 1 3.5 5 8
183 0 0.875 0.63 0.259 5e-04 1 3.5 5 7.5
184 0 0.875 0.63 0.259 5e-04 1 3.5 6 7
185 0 0.875 0.63 0.259 5e-04 1 3.5 6 8
186 0 0.875 0.63 0.259 5e-04 1 3.5 6 7.5
187 0 0.875 0.63 0.259 5e-04 1 3.5 5.5 7
188 0 0.875 0.63 0.259 5e-04 1 3.5 5.5 8
189 0 0.875 0.63 0.259 5e-04 1 3.5 5.5 7.5
190 0 0.875 0.63 0.259 5e-04 2 3 5 7
191 0 0.875 0.63 0.259 5e-04 2 3 5 8
192 0 0.875 0.63 0.259 5e-04 2 3 5 7.5
193 0 0.875 0.63 0.259 5e-04 2 3 6 7
194 0 0.875 0.63 0.259 5e-04 2 3 6 8
195 0 0.875 0.63 0.259 5e-04 2 3 6 7.5
196 0 0.875 0.63 0.259 5e-04 2 3 5.5 7
197 0 0.875 0.63 0.259 5e-04 2 3 5.5 8
198 0 0.875 0.63 0.259 5e-04 2 3 5.5 7.5
199 0 0.875 0.63 0.259 5e-04 2 4 5 7
200 0 0.875 0.63 0.259 5e-04 2 4 5 8
201 0 0.875 0.63 0.259 5e-04 2 4 5 7.5
202 0 0.875 0.63 0.259 5e-04 2 4 6 7
203 0 0.875 0.63 0.259 5e-04 2 4 6 8
204 0 0.875 0.63 0.259 5e-04 2 4 6 7.5
205 0 0.875 0.63 0.259 5e-04 2 4 5.5 7
206 0 0.875 0.63 0.259 5e-04 2 4 5.5 8
207 0 0.875 0.63 0.259 5e-04 2 4 5.5 7.5
208 0 0.875 0.63 0.259 5e-04 2 3.5 5 7
209 0 0.875 0.63 0.259 5e-04 2 3.5 5 8
210 0 0.875 0.63 0.259 5e-04 2 3.5 5 7.5
211 0 0.875 0.63 0.259 5e-04 2 3.5 6 7
212 0 0.875 0.63 0.259 5e-04 2 3.5 6 8
213 0 0.875 0.63 0.259 5e-04 2 3.5 6 7.5
214 0 0.875 0.63 0.259 5e-04 2 3.5 5.5 7
215 0 0.875 0.63 0.259 5e-04 2 3.5 5.5 8
216 0 0.875 0.63 0.259 5e-04 2 3.5 5.5 7.5
217 0 0.875 0.63 0.259 5e-04 1.5 3 5 7
218 0 0.875 0.63 0.259 5e-04 1.5 3 5 8
219 0 0.875 0.63 0.259 5e-04 1.5 3 5 7.5
220 0 0.875 0.63 0.259 5e-04 1.5 3 6 7
221 0 0.875 0.63 0.259 5e-04 1.5 3 6 8
222 0 0.875 0.63 0.259 5e-04 1.5 3 6 7.5
223 0 0.875 0.63 0.259 5e-04 1.5 3 5.5 7
224 0 0.875 0.63 0.259 5e-04 1.5 3 5.5 8
225 0 0.875 0.63 0.259 5e-04 1.5 3 5.5 7.5
226 0 0.875 0.63 0.259 5e-04 1.5 4 5 7
227 0 0.875 0.63 0.259 5e-04 1.5 4 5 8
228 0 0.875 0.63 0.259 5e-04 1.5 4 5 7.5
229 0 0.875 0.63 0.259 5e-04 1.5 4 6 7
230 0 0.875 0.63 0.259 5e-04 1.5 4 6 8
231 0 0.875 0.63 0.259 5e-04 1.5 4 6 7.5
232 0 0.875 0.63 0.259 5e-04 1.5 4 5.5 7
233 0 0.875 0.63 0.259 5e-04 1.5 4 5.5 8
234 0 0.875 0.63 0.259 5e-04 1.5 4 5.5 7.5
235 0 0.875 0.63 0.259 5e-04 1.5 3.5 5 7
236 0 0.875 0.63 0.259 5e-04 1.5 3.5 5 8
237 0 0.875 0.63 0.259 5e-04 1.5 3.5 5 7.5
238 0 0.875 0.63 0.259 5e-04 1.5 3.5 6 7
239 0 0.875 0.63 0.259 5e-04 1.5 3.5 6 8
240 0 0.875 0.63 0.259 5e-04 1.5 3.5 6 7.5
241 0 0.875 0.63 0.259 5e-04 1.5 3.5 5.5 7
242 0 0.875 0.63 0.259 5e-04 1.5 3.5 5.5 8
243 0 0.875 0.63 0.259 5e-04 1.5 3.5 5.5 7.5
244 0 0.875 0.63 0.556 0.001 1 3 5 7
245 0 0.875 0.63 0.556 0.001 1 3 5 8
246 0 0.875 0.63 0.556 0.001 1 3 5 7.5
247 0 0.875 0.63 0.556 0.001 1 3 6 7
248 0 0.875 0.63 0.556 0.001 1 3 6 8
249 0 0.875 0.63 0.556 0.001 1 3 6 7.5
250 0 0.875 0.63 0.556 0.001 1 3 5.5 7
251 0 0.875 0.63 0.556 0.001 1 3 5.5 8
252 0 0.875 0.63 0.556 0.001 1 3 5.5 7.5
253 0 0.875 0.63 0.556 0.001 1 4 5 7
254 0 0.875 0.63 0.556 0.001 1 4 5 8
255 0 0.875 0.63 0.556 0.001 1 4 5 7.5
256 0 0.875 0.63 0.556 0.001 1 4 6 7
257 0 0.875 0.63 0.556 0.001 1 4 6 8
258 0 0.875 0.63 0.556 0.001 1 4 6 7.5
259 0 0.875 0.63 0.556 0.001 1 4 5.5 7
260 0 0.875 0.63 0.556 0.001 1 4 5.5 8
261 0 0.875 0.63 0.556 0.001 1 4 5.5 7.5
262 0 0.875 0.63 0.556 0.001 1 3.5 5 7
263 0 0.875 0.63 0.556 0.001 1 3.5 5 8
264 0 0.875 0.63 0.556 0.001 1 3.5 5 7.5
265 0 0.875 0.63 0.556 0.001 1 3.5 6 7
266 0 0.875 0.63 0.556 0.001 1 3.5 6 8
267 0 0.875 0.63 0.556 0.001 1 3.5 6 7.5
268 0 0.875 0.63 0.556 0.001 1 3.5 5.5 7
269 0 0.875 0.63 0.556 0.001 1 3.5 5.5 8
270 0 0.875 0.63 0.556 0.001 1 3.5 5.5 7.5
271 0 0.875 0.63 0.556 0.001 2 3 5 7
272 0 0.875 0.63 0.556 0.001 2 3 5 8
273 0 0.875 0.63 0.556 0.001 2 3 5 7.5
274 0 0.875 0.63 0.556 0.001 2 3 6 7
275 0 0.875 0.63 0.556 0.001 2 3 6 8
276 0 0.875 0.63 0.556 0.001 2 3 6 7.5
277 0 0.875 0.63 0.556 0.001 2 3 5.5 7
278 0 0.875 0.63 0.556 0.001 2 3 5.5 8
279 0 0.875 0.63 0.556 0.001 2 3 5.5 7.5
280 0 0.875 0.63 0.556 0.001 2 4 5 7
281 0 0.875 0.63 0.556 0.001 2 4 5 8
282 0 0.875 0.63 0.556 0.001 2 4 5 7.5
283 0 0.875 0.63 0.556 0.001 2 4 6 7
284 0 0.875 0.63 0.556 0.001 2 4 6 8
285 0 0.875 0.63 0.556 0.001 2 4 6 7.5
286 0 0.875 0.63 0.556 0.001 2 4 5.5 7
287 0 0.875 0.63 0.556 0.001 2 4 5.5 8
288 0 0.875 0.63 0.556 0.001 2 4 5.5 7.5
289 0 0.875 0.63 0.556 0.001 2 3.5 5 7
290 0 0.875 0.63 0.556 0.001 2 3.5 5 8
291 0 0.875 0.63 0.556 0.001 2 3.5 5 7.5
292 0 0.875 0.63 0.556 0.001 2 3.5 6 7
293 0 0.875 0.63 0.556 0.001 2 3.5 6 8
294 0 0.875 0.63 0.556 0.001 2 3.5 6 7.5
295 0 0.875 0.63 0.556 0.001 2 3.5 5.5 7
296 0 0.875 0.63 0.556 0.001 2 3.5 5.5 8
297 0 0.875 0.63 0.556 0.001 2 3.5 5.5 7.5
298 0 0.875 0.63 0.556 0.001 1.5 3 5 7
299 0 0.875 0.63 0.556 0.001 1.5 3 5 8
300 0 0.875 0.63 0.556 0.001 1.5 3 5 7.5
301 0 0.875 0.63 0.556 0.001 1.5 3 6 7
302 0 0.875 0.63 0.556 0.001 1.5 3 6 8
303 0 0.875 0.63 0.556 0.001 1.5 3 6 7.5
304 0 0.875 0.63 0.556 0.001 1.5 3 5.5 7
305 0 0.875 0.63 0.556 0.001 1.5 3 5.5 8
306 0 0.875 0.63 0.556 0.001 1.5 3 5.5 7.5
307 0 0.875 0.63 0.556 0.001 1.5 4 5 7
308 0 0.875 0.63 0.556 0.001 1.5 4 5 8
309 0 0.875 0.63 0.556 0.001 1.5 4 5 7.5
310 0 0.875 0.63 0.556 0.001 1.5 4 6 7
311 0 0.875 0.63 0.556 0.001 1.5 4 6 8
312 0 0.875 0.63 0.556 0.001 1.5 4 6 7.5
313 0 0.875 0.63 0.556 0.001 1.5 4 5.5 7
314 0 0.875 0.63 0.556 0.001 1.5 4 5.5 8
315 0 0.875 0.63 0.556 0.001 1.5 4 5.5 7.5
316 0 0.875 0.63 0.556 0.001 1.5 3.5 5 7
317 0 0.875 0.63 0.556 0.001 1.5 3.5 5 8
318 0 0.875 0.63 0.556 0.001 1.5 3.5 5 7.5
319 0 0.875 0.63 0.556 0.001 1.5 3.5 6 7
320 0 0.875 0.63 0.556 0.001 1.5 3.5 6 8
321 0 0.875 0.63 0.556 0.001 1.5 3.5 6 7.5
322 0 0.875 0.63 0.556 0.001 1.5 3.5 5.5 7
323 0 0.875 0.63 0.556 0.001 1.5 3.5 5.5 8
324 0 0.875 0.63 0.556 0.001 1.5 3.5 5.5 7.5
325 0 0.875 0.63 0.556 0 1 3 5 7
326 0 0.875 0.63 0.556 0 1 3 5 8
327 0 0.875 0.63 0.556 0 1 3 5 7.5
328 0 0.875 0.63 0.556 0 1 3 6 7
329 0 0.875 0.63 0.556 0 1 3 6 8
330 0 0.875 0.63 0.556 0 1 3 6 7.5
331 0 0.875 0.63 0.556 0 1 3 5.5 7
332 0 0.875 0.63 0.556 0 1 3 5.5 8
333 0 0.875 0.63 0.556 0 1 3 5.5 7.5
334 0 0.875 0.63 0.556 0 1 4 5 7
335 0 0.875 0.63 0.556 0 1 4 5 8
336 0 0.875 0.63 0.556 0 1 4 5 7.5
337 0 0.875 0.63 0.556 0 1 4 6 7
338 0 0.875 0.63 0.556 0 1 4 6 8
339 0 0.875 0.63 0.556 0 1 4 6 7.5
340 0 0.875 0.63 0.556 0 1 4 5.5 7
341 0 0.875 0.63 0.556 0 1 4 5.5 8
342 0 0.875 0.63 0.556 0 1 4 5.5 7.5
343 0 0.875 0.63 0.556 0 1 3.5 5 7
344 0 0.875 0.63 0.556 0 1 3.5 5 8
345 0 0.875 0.63 0.556 0 1 3.5 5 7.5
346 0 0.875 0.63 0.556 0 1 3.5 6 7
347 0 0.875 0.63 0.556 0 1 3.5 6 8
348 0 0.875 0.63 0.556 0 1 3.5 6 7.5
349 0 0.875 0.63 0.556 0 1 3.5 5.5 7
350 0 0.875 0.63 0.556 0 1 3.5 5.5 8
351 0 0.875 0.63 0.556 0 1 3.5 5.5 7.5
352 0 0.875 0.63 0.556 0 2 3 5 7
353 0 0.875 0.63 0.556 0 2 3 5 8
354 0 0.875 0.63 0.556 0 2 3 5 7.5
355 0 0.875 0.63 0.556 0 2 3 6 7
356 0 0.875 0.63 0.556 0 2 3 6 8
357 0 0.875 0.63 0.556 0 2 3 6 7.5
358 0 0.875 0.63 0.556 0 2 3 5.5 7
359 0 0.875 0.63 0.556 0 2 3 5.5 8
360 0 0.875 0.63 0.556 0 2 3 5.5 7.5
361 0 0.875 0.63 0.556 0 2 4 5 7
362 0 0.875 0.63 0.556 0 2 4 5 8
363 0 0.875 0.63 0.556 0 2 4 5 7.5
364 0 0.875 0.63 0.556 0 2 4 6 7
365 0 0.875 0.63 0.556 0 2 4 6 8
366 0 0.875 0.63 0.556 0 2 4 6 7.5
367 0 0.875 0.63 0.556 0 2 4 5.5 7
368 0 0.875 0.63 0.556 0 2 4 5.5 8
369 0 0.875 0.63 0.556 0 2 4 5.5 7.5
370 0 0.875 0.63 0.556 0 2 3.5 5 7
371 0 0.875 0.63 0.556 0 2 3.5 5 8
372 0 0.875 0.63 0.556 0 2 3.5 5 7.5
373 0 0.875 0.63 0.556 0 2 3.5 6 7
374 0 0.875 0.63 0.556 0 2 3.5 6 8
375 0 0.875 0.63 0.556 0 2 3.5 6 7.5
376 0 0.875 0.63 0.556 0 2 3.5 5.5 7
377 0 0.875 0.63 0.556 0 2 3.5 5.5 8
378 0 0.875 0.63 0.556 0 2 3.5 5.5 7.5
379 0 0.875 0.63 0.556 0 1.5 3 5 7
380 0 0.875 0.63 0.556 0 1.5 3 5 8
381 0 0.875 0.63 0.556 0 1.5 3 5 7.5
382 0 0.875 0.63 0.556 0 1.5 3 6 7
383 0 0.875 0.63 0.556 0 1.5 3 6 8
384 0 0.875 0.63 0.556 0 1.5 3 6 7.5
385 0 0.875 0.63 0.556 0 1.5 3 5.5 7
386 0 0.875 0.63 0.556 0 1.5 3 5.5 8
387 0 0.875 0.63 0.556 0 1.5 3 5.5 7.5
388 0 0.875 0.63 0.556 0 1.5 4 5 7
389 0 0.875 0.63 0.556 0 1.5 4 5 8
390 0 0.875 0.63 0.556 0 1.5 4 5 7.5
391 0 0.875 0.63 0.556 0 1.5 4 6 7
392 0 0.875 0.63 0.556 0 1.5 4 6 8
393 0 0.875 0.63 0.556 0 1.5 4 6 7.5
394 0 0.875 0.63 0.556 0 1.5 4 5.5 7
395 0 0.875 0.63 0.556 0 1.5 4 5.5 8
396 0 0.875 0.63 0.556 0 1.5 4 5.5 7.5
397 0 0.875 0.63 0.556 0 1.5 3.5 5 7
398 0 0.875 0.63 0.556 0 1.5 3.5 5 8
399 0 0.875 0.63 0.556 0 1.5 3.5 5 7.5
400 0 0.875 0.63 0.556 0 1.5 3.5 6 7
401 0 0.875 0.63 0.556 0 1.5 3.5 6 8
402 0 0.875 0.63 0.556 0 1.5 3.5 6 7.5
403 0 0.875 0.63 0.556 0 1.5 3.5 5.5 7
404 0 0.875 0.63 0.556 0 1.5 3.5 5.5 8
405 0 0.875 0.63 0.556 0 1.5 3.5 5.5 7.5
406 0 0.875 0.63 0.556 5e-04 1 3 5 7
407 0 0.875 0.63 0.556 5e-04 1 3 5 8
408 0 0.875 0.63 0.556 5e-04 1 3 5 7.5
409 0 0.875 0.63 0.556 5e-04 1 3 6 7
410 0 0.875 0.63 0.556 5e-04 1 3 6 8
411 0 0.875 0.63 0.556 5e-04 1 3 6 7.5
412 0 0.875 0.63 0.556 5e-04 1 3 5.5 7
413 0 0.875 0.63 0.556 5e-04 1 3 5.5 8
414 0 0.875 0.63 0.556 5e-04 1 3 5.5 7.5
415 0 0.875 0.63 0.556 5e-04 1 4 5 7
416 0 0.875 0.63 0.556 5e-04 1 4 5 8
417 0 0.875 0.63 0.556 5e-04 1 4 5 7.5
418 0 0.875 0.63 0.556 5e-04 1 4 6 7
419 0 0.875 0.63 0.556 5e-04 1 4 6 8
420 0 0.875 0.63 0.556 5e-04 1 4 6 7.5
421 0 0.875 0.63 0.556 5e-04 1 4 5.5 7
422 0 0.875 0.63 0.556 5e-04 1 4 5.5 8
423 0 0.875 0.63 0.556 5e-04 1 4 5.5 7.5
424 0 0.875 0.63 0.556 5e-04 1 3.5 5 7
425 0 0.875 0.63 0.556 5e-04 1 3.5 5 8
426 0 0.875 0.63 0.556 5e-04 1 3.5 5 7.5
427 0 0.875 0.63 0.556 5e-04 1 3.5 6 7
428 0 0.875 0.63 0.556 5e-04 1 3.5 6 8
429 0 0.875 0.63 0.556 5e-04 1 3.5 6 7.5
430 0 0.875 0.63 0.556 5e-04 1 3.5 5.5 7
431 0 0.875 0.63 0.556 5e-04 1 3.5 5.5 8
432 0 0.875 0.63 0.556 5e-04 1 3.5 5.5 7.5
433 0 0.875 0.63 0.556 5e-04 2 3 5 7
434 0 0.875 0.63 0.556 5e-04 2 3 5 8
435 0 0.875 0.63 0.556 5e-04 2 3 5 7.5
436 0 0.875 0.63 0.556 5e-04 2 3 6 7
437 0 0.875 0.63 0.556 5e-04 2 3 6 8
438 0 0.875 0.63 0.556 5e-04 2 3 6 7.5
439 0 0.875 0.63 0.556 5e-04 2 3 5.5 7
440 0 0.875 0.63 0.556 5e-04 2 3 5.5 8
441 0 0.875 0.63 0.556 5e-04 2 3 5.5 7.5
442 0 0.875 0.63 0.556 5e-04 2 4 5 7
443 0 0.875 0.63 0.556 5e-04 2 4 5 8
444 0 0.875 0.63 0.556 5e-04 2 4 5 7.5
445 0 0.875 0.63 0.556 5e-04 2 4 6 7
446 0 0.875 0.63 0.556 5e-04 2 4 6 8
447 0 0.875 0.63 0.556 5e-04 2 4 6 7.5
448 0 0.875 0.63 0.556 5e-04 2 4 5.5 7
449 0 0.875 0.63 0.556 5e-04 2 4 5.5 8
450 0 0.875 0.63 0.556 5e-04 2 4 5.5 7.5
451 0 0.875 0.63 0.556 5e-04 2 3.5 5 7
452 0 0.875 0.63 0.556 5e-04 2 3.5 5 8
453 0 0.875 0.63 0.556 5e-04 2 3.5 5 7.5
454 0 0.875 0.63 0.556 5e-04 2 3.5 6 7
455 0 0.875 0.63 0.556 5e-04 2 3.5 6 8
456 0 0.875 0.63 0.556 5e-04 2 3.5 6 7.5
457 0 0.875 0.63 0.556 5e-04 2 3.5 5.5 7
458 0 0.875 0.63 0.556 5e-04 2 3.5 5.5 8
459 0 0.875 0.63 0.556 5e-04 2 3.5 5.5 7.5
460 0 0.875 0.63 0.556 5e-04 1.5 3 5 7
461 0 0.875 0.63 0.556 5e-04 1.5 3 5 8
462 0 0.875 0.63 0.556 5e-04 1.5 3 5 7.5
463 0 0.875 0.63 0.556 5e-04 1.5 3 6 7
464 0 0.875 0.63 0.556 5e-04 1.5 3 6 8
465 0 0.875 0.63 0.556 5e-04 1.5 3 6 7.5
466 0 0.875 0.63 0.556 5e-04 1.5 3 5.5 7
467 0 0.875 0.63 0.556 5e-04 1.5 3 5.5 8
468 0 0.875 0.63 0.556 5e-04 1.5 3 5.5 7.5
469 0 0.875 0.63 0.556 5e-04 1.5 4 5 7
470 0 0.875 0.63 0.556 5e-04 1.5 4 5 8
471 0 0.875 0.63 0.556 5e-04 1.5 4 5 7.5
472 0 0.875 0.63 0.556 5e-04 1.5 4 6 7
473 0 0.875 0.63 0.556 5e-04 1.5 4 6 8
474 0 0.875 0.63 0.556 5e-04 1.5 4 6 7.5
475 0 0.875 0.63 0.556 5e-04 1.5 4 5.5 7
476 0 0.875 0.63 0.556 5e-04 1.5 4 5.5 8
477 0 0.875 0.63 0.556 5e-04 1.5 4 5.5 7.5
478 0 0.875 0.63 0.556 5e-04 1.5 3.5 5 7
479 0 0.875 0.63 0.556 5e-04 1.5 3.5 5 8
480 0 0.875 0.63 0.556 5e-04 1.5 3.5 5 7.5
481 0 0.875 0.63 0.556 5e-04 1.5 3.5 6 7
482 0 0.875 0.63 0.556 5e-04 1.5 3.5 6 8
483 0 0.875 0.63 0.556 5e-04 1.5 3.5 6 7.5
484 0 0.875 0.63 0.556 5e-04 1.5 3.5 5.5 7
485 0 0.875 0.63 0.556 5e-04 1.5 3.5 5.5 8
486 0 0.875 0.63 0.556 5e-04 1.5 3.5 5.5 7.5
487 0 0.875 0.63 0.4075 0.001 1 3 5 7
488 0 0.875 0.63 0.4075 0.001 1 3 5 8
489 0 0.875 0.63 0.4075 0.001 1 3 5 7.5
490 0 0.875 0.63 0.4075 0.001 1 3 6 7
491 0 0.875 0.63 0.4075 0.001 1 3 6 8
492 0 0.875 0.63 0.4075 0.001 1 3 6 7.5
493 0 0.875 0.63 0.4075 0.001 1 3 5.5 7
494 0 0.875 0.63 0.4075 0.001 1 3 5.5 8
495 0 0.875 0.63 0.4075 0.001 1 3 5.5 7.5
496 0 0.875 0.63 0.4075 0.001 1 4 5 7
497 0 0.875 0.63 0.4075 0.001 1 4 5 8
498 0 0.875 0.63 0.4075 0.001 1 4 5 7.5
499 0 0.875 0.63 0.4075 0.001 1 4 6 7
500 0 0.875 0.63 0.4075 0.001 1 4 6 8
501 0 0.875 0.63 0.4075 0.001 1 4 6 7.5
502 0 0.875 0.63 0.4075 0.001 1 4 5.5 7
503 0 0.875 0.63 0.4075 0.001 1 4 5.5 8
504 0 0.875 0.63 0.4075 0.001 1 4 5.5 7.5
505 0 0.875 0.63 0.4075 0.001 1 3.5 5 7
506 0 0.875 0.63 0.4075 0.001 1 3.5 5 8
507 0 0.875 0.63 0.4075 0.001 1 3.5 5 7.5
508 0 0.875 0.63 0.4075 0.001 1 3.5 6 7
509 0 0.875 0.63 0.4075 0.001 1 3.5 6 8
510 0 0.875 0.63 0.4075 0.001 1 3.5 6 7.5
511 0 0.875 0.63 0.4075 0.001 1 3.5 5.5 7
512 0 0.875 0.63 0.4075 0.001 1 3.5 5.5 8
513 0 0.875 0.63 0.4075 0.001 1 3.5 5.5 7.5
514 0 0.875 0.63 0.4075 0.001 2 3 5 7
515 0 0.875 0.63 0.4075 0.001 2 3 5 8
516 0 0.875 0.63 0.4075 0.001 2 3 5 7.5
517 0 0.875 0.63 0.4075 0.001 2 3 6 7
518 0 0.875 0.63 0.4075 0.001 2 3 6 8
519 0 0.875 0.63 0.4075 0.001 2 3 6 7.5
520 0 0.875 0.63 0.4075 0.001 2 3 5.5 7
521 0 0.875 0.63 0.4075 0.001 2 3 5.5 8
522 0 0.875 0.63 0.4075 0.001 2 3 5.5 7.5
523 0 0.875 0.63 0.4075 0.001 2 4 5 7
524 0 0.875 0.63 0.4075 0.001 2 4 5 8
525 0 0.875 0.63 0.4075 0.001 2 4 5 7.5
526 0 0.875 0.63 0.4075 0.001 2 4 6 7
527 0 0.875 0.63 0.4075 0.001 2 4 6 8
528 0 0.875 0.63 0.4075 0.001 2 4 6 7.5
529 0 0.875 0.63 0.4075 0.001 2 4 5.5 7
530 0 0.875 0.63 0.4075 0.001 2 4 5.5 8
531 0 0.875 0.63 0.4075 0.001 2 4 5.5 7.5
532 0 0.875 0.63 0.4075 0.001 2 3.5 5 7
533 0 0.875 0.63 0.4075 0.001 2 3.5 5 8
534 0 0.875 0.63 0.4075 0.001 2 3.5 5 7.5
535 0 0.875 0.63 0.4075 0.001 2 3.5 6 7
536 0 0.875 0.63 0.4075 0.001 2 3.5 6 8
537 0 0.875 0.63 0.4075 0.001 2 3.5 6 7.5
538 0 0.875 0.63 0.4075 0.001 2 3.5 5.5 7
539 0 0.875 0.63 0.4075 0.001 2 3.5 5.5 8
540 0 0.875 0.63 0.4075 0.001 2 3.5 5.5 7.5
541 0 0.875 0.63 0.4075 0.001 1.5 3 5 7
542 0 0.875 0.63 0.4075 0.001 1.5 3 5 8
543 0 0.875 0.63 0.4075 0.001 1.5 3 5 7.5
544 0 0.875 0.63 0.4075 0.001 1.5 3 6 7
545 0 0.875 0.63 0.4075 0.001 1.5 3 6 8
546 0 0.875 0.63 0.4075 0.001 1.5 3 6 7.5
547 0 0.875 0.63 0.4075 0.001 1.5 3 5.5 7
548 0 0.875 0.63 0.4075 0.001 1.5 3 5.5 8
549 0 0.875 0.63 0.4075 0.001 1.5 3 5.5 7.5
550 0 0.875 0.63 0.4075 0.001 1.5 4 5 7
551 0 0.875 0.63 0.4075 0.001 1.5 4 5 8
552 0 0.875 0.63 0.4075 0.001 1.5 4 5 7.5
553 0 0.875 0.63 0.4075 0.001 1.5 4 6 7
554 0 0.875 0.63 0.4075 0.001 1.5 4 6 8
555 0 0.875 0.63 0.4075 0.001 1.5 4 6 7.5
556 0 0.875 0.63 0.4075 0.001 1.5 4 5.5 7
557 0 0.875 0.63 0.4075 0.001 1.5 4 5.5 8
558 0 0.875 0.63 0.4075 0.001 1.5 4 5.5 7.5
559 0 0.875 0.63 0.4075 0.001 1.5 3.5 5 7
560 0 0.875 0.63 0.4075 0.001 1.5 3.5 5 8
561 0 0.875 0.63 0.4075 0.001 1.5 3.5 5 7.5
562 0 0.875 0.63 0.4075 0.001 1.5 3.5 6 7
563 0 0.875 0.63 0.4075 0.001 1.5 3.5 6 8
564 0 0.875 0.63 0.4075 0.001 1.5 3.5 6 7.5
565 0 0.875 0.63 0.4075 0.001 1.5 3.5 5.5 7
566 0 0.875 0.63 0.4075 0.001 1.5 3.5 5.5 8
567 0 0.875 0.63 0.4075 0.001 1.5 3.5 5.5 7.5
568 0 0.875 0.63 0.4075 0 1 3 5 7
569 0 0.875 0.63 0.4075 0 1 3 5 8
570 0 0.875 0.63 0.4075 0 1 3 5 7.5
571 0 0.875 0.63 0.4075 0 1 3 6 7
572 0 0.875 0.63 0.4075 0 1 3 6 8
573 0 0.875 0.63 0.4075 0 1 3 6 7.5
574 0 0.875 0.63 0.4075 0 1 3 5.5 7
575 0 0.875 0.63 0.4075 0 1 3 5.5 8
576 0 0.875 0.63 0.4075 0 1 3 5.5 7.5
577 0 0.875 0.63 0.4075 0 1 4 5 7
578 0 0.875 0.63 0.4075 0 1 4 5 8
579 0 0.875 0.63 0.4075 0 1 4 5 7.5
580 0 0.875 0.63 0.4075 0 1 4 6 7
581 0 0.875 0.63 0.4075 0 1 4 6 8
582 0 0.875 0.63 0.4075 0 1 4 6 7.5
583 0 0.875 0.63 0.4075 0 1 4 5.5 7
584 0 0.875 0.63 0.4075 0 1 4 5.5 8
585 0 0.875 0.63 0.4075 0 1 4 5.5 7.5
586 0 0.875 0.63 0.4075 0 1 3.5 5 7
587 0 0.875 0.63 0.4075 0 1 3.5 5 8
588 0 0.875 0.63 0.4075 0 1 3.5 5 7.5
589 0 0.875 0.63 0.4075 0 1 3.5 6 7
590 0 0.875 0.63 0.4075 0 1 3.5 6 8
591 0 0.875 0.63 0.4075 0 1 3.5 6 7.5
592 0 0.875 0.63 0.4075 0 1 3.5 5.5 7
593 0 0.875 0.63 0.4075 0 1 3.5 5.5 8
594 0 0.875 0.63 0.4075 0 1 3.5 5.5 7.5
595 0 0.875 0.63 0.4075 0 2 3 5 7
596 0 0.875 0.63 0.4075 0 2 3 5 8
597 0 0.875 0.63 0.4075 0 2 3 5 7.5
598 0 0.875 0.63 0.4075 0 2 3 6 7
599 0 0.875 0.63 0.4075 0 2 3 6 8
600 0 0.875 0.63 0.4075 0 2 3 6 7.5
601 0 0.875 0.63 0.4075 0 2 3 5.5 7
602 0 0.875 0.63 0.4075 0 2 3 5.5 8
603 0 0.875 0.63 0.4075 0 2 3 5.5 7.5
604 0 0.875 0.63 0.4075 0 2 4 5 7
605 0 0.875 0.63 0.4075 0 2 4 5 8
606 0 0.875 0.63 0.4075 0 2 4 5 7.5
607 0 0.875 0.63 0.4075 0 2 4 6 7
608 0 0.875 0.63 0.4075 0 2 4 6 8
609 0 0.875 0.63 0.4075 0 2 4 6 7.5
610 0 0.875 0.63 0.4075 0 2 4 5.5 7
611 0 0.875 0.63 0.4075 0 2 4 5.5 8
612 0 0.875 0.63 0.4075 0 2 4 5.5 7.5
613 0 0.875 0.63 0.4075 0 2 3.5 5 7
614 0 0.875 0.63 0.4075 0 2 3.5 5 8
615 0 0.875 0.63 0.4075 0 2 3.5 5 7.5
616 0 0.875 0.63 0.4075 0 2 3.5 6 7
617 0 0.875 0.63 0.4075 0 2 3.5 6 8
618 0 0.875 0.63 0.4075 0 2 3.5 6 7.5
619 0 0.875 0.63 0.4075 0 2 3.5 5.5 7
620 0 0.875 0.63 0.4075 0 2 3.5 5.5 8
621 0 0.875 0.63 0.4075 0 2 3.5 5.5 7.5
622 0 0.875 0.63 0.4075 0 1.5 3 5 7
623 0 0.875 0.63 0.4075 0 1.5 3 5 8
624 0 0.875 0.63 0.4075 0 1.5 3 5 7.5
625 0 0.875 0.63 0.4075 0 1.5 3 6 7
626 0 0.875 0.63 0.4075 0 1.5 3 6 8
627 0 0.875 0.63 0.4075 0 1.5 3 6 7.5
628 0 0.875 0.63 0.4075 0 1.5 3 5.5 7
629 0 0.875 0.63 0.4075 0 1.5 3 5.5 8
630 0 0.875 0.63 0.4075 0 1.5 3 5.5 7.5
631 0 0.875 0.63 0.4075 0 1.5 4 5 7
632 0 0.875 0.63 0.4075 0 1.5 4 5 8
633 0 0.875 0.63 0.4075 0 1.5 4 5 7.5
634 0 0.875 0.63 0.4075 0 1.5 4 6 7
635 0 0.875 0.63 0.4075 0 1.5 4 6 8
636 0 0.875 0.63 0.4075 0 1.5 4 6 7.5
637 0 0.875 0.63 0.4075 0 1.5 4 5.5 7
638 0 0.875 0.63 0.4075 0 1.5 4 5.5 8
639 0 0.875 0.63 0.4075 0 1.5 4 5.5 7.5
640 0 0.875 0.63 0.4075 0 1.5 3.5 5 7
641 0 0.875 0.63 0.4075 0 1.5 3.5 5 8
642 0 0.875 0.63 0.4075 0 1.5 3.5 5 7.5
643 0 0.875 0.63 0.4075 0 1.5 3.5 6 7
644 0 0.875 0.63 0.4075 0 1.5 3.5 6 8
645 0 0.875 0.63 0.4075 0 1.5 3.5 6 7.5
646 0 0.875 0.63 0.4075 0 1.5 3.5 5.5 7
647 0 0.875 0.63 0.4075 0 1.5 3.5 5.5 8
648 0 0.875 0.63 0.4075 0 1.5 3.5 5.5 7.5
649 0 0.875 0.63 0.4075 5e-04 1 3 5 7
650 0 0.875 0.63 0.4075 5e-04 1 3 5 8
651 0 0.875 0.63 0.4075 5e-04 1 3 5 7.5
652 0 0.875 0.63 0.4075 5e-04 1 3 6 7
653 0 0.875 0.63 0.4075 5e-04 1 3 6 8
654 0 0.875 0.63 0.4075 5e-04 1 3 6 7.5
655 0 0.875 0.63 0.4075 5e-04 1 3 5.5 7
656 0 0.875 0.63 0.4075 5e-04 1 3 5.5 8
657 0 0.875 0.63 0.4075 5e-04 1 3 5.5 7.5
658 0 0.875 0.63 0.4075 5e-04 1 4 5 7
659 0 0.875 0.63 0.4075 5e-04 1 4 5 8
660 0 0.875 0.63 0.4075 5e-04 1 4 5 7.5
661 0 0.875 0.63 0.4075 5e-04 1 4 6 7
662 0 0.875 0.63 0.4075 5e-04 1 4 6 8
663 0 0.875 0.63 0.4075 5e-04 1 4 6 7.5
664 0 0.875 0.63 0.4075 5e-04 1 4 5.5 7
665 0 0.875 0.63 0.4075 5e-04 1 4 5.5 8
666 0 0.875 0.63 0.4075 5e-04 1 4 5.5 7.5
667 0 0.875 0.63 0.4075 5e-04 1 3.5 5 7
668 0 0.875 0.63 0.4075 5e-04 1 3.5 5 8
669 0 0.875 0.63 0.4075 5e-04 1 3.5 5 7.5
670 0 0.875 0.63 0.4075 5e-04 1 3.5 6 7
671 0 0.875 0.63 0.4075 5e-04 1 3.5 6 8
672 0 0.875 0.63 0.4075 5e-04 1 3.5 6 7.5
673 0 0.875 0.63 0.4075 5e-04 1 3.5 5.5 7
674 0 0.875 0.63 0.4075 5e-04 1 3.5 5.5 8
675 0 0.875 0.63 0.4075 5e-04 1 3.5 5.5 7.5
676 0 0.875 0.63 0.4075 5e-04 2 3 5 7
677 0 0.875 0.63 0.4075 5e-04 2 3 5 8
678 0 0.875 0.63 0.4075 5e-04 2 3 5 7.5
679 0 0.875 0.63 0.4075 5e-04 2 3 6 7
680 0 0.875 0.63 0.4075 5e-04 2 3 6 8
681 0 0.875 0.63 0.4075 5e-04 2 3 6 7.5
682 0 0.875 0.63 0.4075 5e-04 2 3 5.5 7
683 0 0.875 0.63 0.4075 5e-04 2 3 5.5 8
684 0 0.875 0.63 0.4075 5e-04 2 3 5.5 7.5
685 0 0.875 0.63 0.4075 5e-04 2 4 5 7
686 0 0.875 0.63 0.4075 5e-04 2 4 5 8
687 0 0.875 0.63 0.4075 5e-04 2 4 5 7.5
688 0 0.875 0.63 0.4075 5e-04 2 4 6 7
689 0 0.875 0.63 0.4075 5e-04 2 4 6 8
690 0 0.875 0.63 0.4075 5e-04 2 4 6 7.5
691 0 0.875 0.63 0.4075 5e-04 2 4 5.5 7
692 0 0.875 0.63 0.4075 5e-04 2 4 5.5 8
693 0 0.875 0.63 0.4075 5e-04 2 4 5.5 7.5
694 0 0.875 0.63 0.4075 5e-04 2 3.5 5 7
695 0 0.875 0.63 0.4075 5e-04 2 3.5 5 8
696 0 0.875 0.63 0.4075 5e-04 2 3.5 5 7.5
697 0 0.875 0.63 0.4075 5e-04 2 3.5 6 7
698 0 0.875 0.63 0.4075 5e-04 2 3.5 6 8
699 0 0.875 0.63 0.4075 5e-04 2 3.5 6 7.5
700 0 0.875 0.63 0.4075 5e-04 2 3.5 5.5 7
701 0 0.875 0.63 0.4075 5e-04 2 3.5 5.5 8
702 0 0.875 0.63 0.4075 5e-04 2 3.5 5.5 7.5
703 0 0.875 0.63 0.4075 5e-04 1.5 3 5 7
704 0 0.875 0.63 0.4075 5e-04 1.5 3 5 8
705 0 0.875 0.63 0.4075 5e-04 1.5 3 5 7.5
706 0 0.875 0.63 0.4075 5e-04 1.5 3 6 7
707 0 0.875 0.63 0.4075 5e-04 1.5 3 6 8
708 0 0.875 0.63 0.4075 5e-04 1.5 3 6 7.5
709 0 0.875 0.63 0.4075 5e-04 1.5 3 5.5 7
710 0 0.875 0.63 0.4075 5e-04 1.5 3 5.5 8
711 0 0.875 0.63 0.4075 5e-04 1.5 3 5.5 7.5
712 0 0.875 0.63 0.4075 5e-04 1.5 4 5 7
713 0 0.875 0.63 0.4075 5e-04 1.5 4 5 8
714 0 0.875 0.63 0.4075 5e-04 1.5 4 5 7.5
715 0 0.875 0.63 0.4075 5e-04 1.5 4 6 7
716 0 0.875 0.63 0.4075 5e-04 1.5 4 6 8
717 0 0.875 0.63 0.4075 5e-04 1.5 4 6 7.5
718 0 0.875 0.63 0.4075 5e-04 1.5 4 5.5 7
719 0 0.875 0.63 0.4075 5e-04 1.5 4 5.5 8
720 0 0.875 0.63 0.4075 5e-04 1.5 4 5.5 7.5
721 0 0.875 0.63 0.4075 5e-04 1.5 3.5 5 7
722 0 0.875 0.63 0.4075 5e-04 1.5 3.5 5 8
723 0 0.875 0.63 0.4075 5e-04 1.5 3.5 5 7.5
724 0 0.875 0.63 0.4075 5e-04 1.5 3.5 6 7
725 0 0.875 0.63 0.4075 5e-04 1.5 3.5 6 8
726 0 0.875 0.63 0.4075 5e-04 1.5 3.5 6 7.5
727 0 0.875 0.63 0.4075 5e-04 1.5 3.5 5.5 7
728 0 0.875 0.63 0.4075 5e-04 1.5 3.5 5.5 8
729 0 0.875 0.63 0.4075 5e-04 1.5 3.5 5.5 7.5
730 1 0.875 0.63 0.259 0.001 1 3 5 7
731 1 0.875 0.63 0.259 0.001 1 3 5 8
732 1 0.875 0.63 0.259 0.001 1 3 5 7.5
733 1 0.875 0.63 0.259 0.001 1 3 6 7
734 1 0.875 0.63 0.259 0.001 1 3 6 8
735 1 0.875 0.63 0.259 0.001 1 3 6 7.5
736 1 0.875 0.63 0.259 0.001 1 3 5.5 7
737 1 0.875 0.63 0.259 0.001 1 3 5.5 8
738 1 0.875 0.63 0.259 0.001 1 3 5.5 7.5
739 1 0.875 0.63 0.259 0.001 1 4 5 7
740 1 0.875 0.63 0.259 0.001 1 4 5 8
741 1 0.875 0.63 0.259 0.001 1 4 5 7.5
742 1 0.875 0.63 0.259 0.001 1 4 6 7
743 1 0.875 0.63 0.259 0.001 1 4 6 8
744 1 0.875 0.63 0.259 0.001 1 4 6 7.5
745 1 0.875 0.63 0.259 0.001 1 4 5.5 7
746 1 0.875 0.63 0.259 0.001 1 4 5.5 8
747 1 0.875 0.63 0.259 0.001 1 4 5.5 7.5
748 1 0.875 0.63 0.259 0.001 1 3.5 5 7
749 1 0.875 0.63 0.259 0.001 1 3.5 5 8
750 1 0.875 0.63 0.259 0.001 1 3.5 5 7.5
751 1 0.875 0.63 0.259 0.001 1 3.5 6 7
752 1 0.875 0.63 0.259 0.001 1 3.5 6 8
753 1 0.875 0.63 0.259 0.001 1 3.5 6 7.5
754 1 0.875 0.63 0.259 0.001 1 3.5 5.5 7
755 1 0.875 0.63 0.259 0.001 1 3.5 5.5 8
756 1 0.875 0.63 0.259 0.001 1 3.5 5.5 7.5
757 1 0.875 0.63 0.259 0.001 2 3 5 7
758 1 0.875 0.63 0.259 0.001 2 3 5 8
759 1 0.875 0.63 0.259 0.001 2 3 5 7.5
760 1 0.875 0.63 0.259 0.001 2 3 6 7
761 1 0.875 0.63 0.259 0.001 2 3 6 8
762 1 0.875 0.63 0.259 0.001 2 3 6 7.5
763 1 0.875 0.63 0.259 0.001 2 3 5.5 7
764 1 0.875 0.63 0.259 0.001 2 3 5.5 8
765 1 0.875 0.63 0.259 0.001 2 3 5.5 7.5
766 1 0.875 0.63 0.259 0.001 2 4 5 7
767 1 0.875 0.63 0.259 0.001 2 4 5 8
768 1 0.875 0.63 0.259 0.001 2 4 5 7.5
769 1 0.875 0.63 0.259 0.001 2 4 6 7
770 1 0.875 0.63 0.259 0.001 2 4 6 8
771 1 0.875 0.63 0.259 0.001 2 4 6 7.5
772 1 0.875 0.63 0.259 0.001 2 4 5.5 7
773 1 0.875 0.63 0.259 0.001 2 4 5.5 8
774 1 0.875 0.63 0.259 0.001 2 4 5.5 7.5
775 1 0.875 0.63 0.259 0.001 2 3.5 5 7
776 1 0.875 0.63 0.259 0.001 2 3.5 5 8
777 1 0.875 0.63 0.259 0.001 2 3.5 5 7.5
778 1 0.875 0.63 0.259 0.001 2 3.5 6 7
779 1 0.875 0.63 0.259 0.001 2 3.5 6 8
780 1 0.875 0.63 0.259 0.001 2 3.5 6 7.5
781 1 0.875 0.63 0.259 0.001 2 3.5 5.5 7
782 1 0.875 0.63 0.259 0.001 2 3.5 5.5 8
783 1 0.875 0.63 0.259 0.001 2 3.5 5.5 7.5
784 1 0.875 0.63 0.259 0.001 1.5 3 5 7
785 1 0.875 0.63 0.259 0.001 1.5 3 5 8
786 1 0.875 0.63 0.259 0.001 1.5 3 5 7.5
787 1 0.875 0.63 0.259 0.001 1.5 3 6 7
788 1 0.875 0.63 0.259 0.001 1.5 3 6 8
789 1 0.875 0.63 0.259 0.001 1.5 3 6 7.5
790 1 0.875 0.63 0.259 0.001 1.5 3 5.5 7
791 1 0.875 0.63 0.259 0.001 1.5 3 5.5 8
792 1 0.875 0.63 0.259 0.001 1.5 3 5.5 7.5
793 1 0.875 0.63 0.259 0.001 1.5 4 5 7
794 1 0.875 0.63 0.259 0.001 1.5 4 5 8
795 1 0.875 0.63 0.259 0.001 1.5 4 5 7.5
796 1 0.875 0.63 0.259 0.001 1.5 4 6 7
797 1 0.875 0.63 0.259 0.001 1.5 4 6 8
798 1 0.875 0.63 0.259 0.001 1.5 4 6 7.5
799 1 0.875 0.63 0.259 0.001 1.5 4 5.5 7
800 1 0.875 0.63 0.259 0.001 1.5 4 5.5 8
801 1 0.875 0.63 0.259 0.001 1.5 4 5.5 7.5
802 1 0.875 0.63 0.259 0.001 1.5 3.5 5 7
803 1 0.875 0.63 0.259 0.001 1.5 3.5 5 8
804 1 0.875 0.63 0.259 0.001 1.5 3.5 5 7.5
805 1 0.875 0.63 0.259 0.001 1.5 3.5 6 7
806 1 0.875 0.63 0.259 0.001 1.5 3.5 6 8
807 1 0.875 0.63 0.259 0.001 1.5 3.5 6 7.5
808 1 0.875 0.63 0.259 0.001 1.5 3.5 5.5 7
809 1 0.875 0.63 0.259 0.001 1.5 3.5 5.5 8
810 1 0.875 0.63 0.259 0.001 1.5 3.5 5.5 7.5
811 1 0.875 0.63 0.259 0 1 3 5 7
812 1 0.875 0.63 0.259 0 1 3 5 8
813 1 0.875 0.63 0.259 0 1 3 5 7.5
814 1 0.875 0.63 0.259 0 1 3 6 7
815 1 0.875 0.63 0.259 0 1 3 6 8
816 1 0.875 0.63 0.259 0 1 3 6 7.5
817 1 0.875 0.63 0.259 0 1 3 5.5 7
818 1 0.875 0.63 0.259 0 1 3 5.5 8
819 1 0.875 0.63 0.259 0 1 3 5.5 7.5
820 1 0.875 0.63 0.259 0 1 4 5 7
821 1 0.875 0.63 0.259 0 1 4 5 8
822 1 0.875 0.63 0.259 0 1 4 5 7.5
823 1 0.875 0.63 0.259 0 1 4 6 7
824 1 0.875 0.63 0.259 0 1 4 6 8
825 1 0.875 0.63 0.259 0 1 4 6 7.5
826 1 0.875 0.63 0.259 0 1 4 5.5 7
827 1 0.875 0.63 0.259 0 1 4 5.5 8
828 1 0.875 0.63 0.259 0 1 4 5.5 7.5
829 1 0.875 0.63 0.259 0 1 3.5 5 7
830 1 0.875 0.63 0.259 0 1 3.5 5 8
831 1 0.875 0.63 0.259 0 1 3.5 5 7.5
832 1 0.875 0.63 0.259 0 1 3.5 6 7
833 1 0.875 0.63 0.259 0 1 3.5 6 8
834 1 0.875 0.63 0.259 0 1 3.5 6 7.5
835 1 0.875 0.63 0.259 0 1 3.5 5.5 7
836 1 0.875 0.63 0.259 0 1 3.5 5.5 8
837 1 0.875 0.63 0.259 0 1 3.5 5.5 7.5
838 1 0.875 0.63 0.259 0 2 3 5 7
839 1 0.875 0.63 0.259 0 2 3 5 8
840 1 0.875 0.63 0.259 0 2 3 5 7.5
841 1 0.875 0.63 0.259 0 2 3 6 7
842 1 0.875 0.63 0.259 0 2 3 6 8
843 1 0.875 0.63 0.259 0 2 3 6 7.5
844 1 0.875 0.63 0.259 0 2 3 5.5 7
845 1 0.875 0.63 0.259 0 2 3 5.5 8
846 1 0.875 0.63 0.259 0 2 3 5.5 7.5
847 1 0.875 0.63 0.259 0 2 4 5 7
848 1 0.875 0.63 0.259 0 2 4 5 8
849 1 0.875 0.63 0.259 0 2 4 5 7.5
850 1 0.875 0.63 0.259 0 2 4 6 7
851 1 0.875 0.63 0.259 0 2 4 6 8
852 1 0.875 0.63 0.259 0 2 4 6 7.5
853 1 0.875 0.63 0.259 0 2 4 5.5 7
854 1 0.875 0.63 0.259 0 2 4 5.5 8
855 1 0.875 0.63 0.259 0 2 4 5.5 7.5
856 1 0.875 0.63 0.259 0 2 3.5 5 7
857 1 0.875 0.63 0.259 0 2 3.5 5 8
858 1 0.875 0.63 0.259 0 2 3.5 5 7.5
859 1 0.875 0.63 0.259 0 2 3.5 6 7
860 1 0.875 0.63 0.259 0 2 3.5 6 8
861 1 0.875 0.63 0.259 0 2 3.5 6 7.5
862 1 0.875 0.63 0.259 0 2 3.5 5.5 7
863 1 0.875 0.63 0.259 0 2 3.5 5.5 8
864 1 0.875 0.63 0.259 0 2 3.5 5.5 7.5
865 1 0.875 0.63 0.259 0 1.5 3 5 7
866 1 0.875 0.63 0.259 0 1.5 3 5 8
867 1 0.875 0.63 0.259 0 1.5 3 5 7.5
868 1 0.875 0.63 0.259 0 1.5 3 6 7
869 1 0.875 0.63 0.259 0 1.5 3 6 8
870 1 0.875 0.63 0.259 0 1.5 3 6 7.5
871 1 0.875 0.63 0.259 0 1.5 3 5.5 7
872 1 0.875 0.63 0.259 0 1.5 3 5.5 8
873 1 0.875 0.63 0.259 0 1.5 3 5.5 7.5
874 1 0.875 0.63 0.259 0 1.5 4 5 7
875 1 0.875 0.63 0.259 0 1.5 4 5 8
876 1 0.875 0.63 0.259 0 1.5 4 5 7.5
877 1 0.875 0.63 0.259 0 1.5 4 6 7
878 1 0.875 0.63 0.259 0 1.5 4 6 8
879 1 0.875 0.63 0.259 0 1.5 4 6 7.5
880 1 0.875 0.63 0.259 0 1.5 4 5.5 7
881 1 0.875 0.63 0.259 0 1.5 4 5.5 8
882 1 0.875 0.63 0.259 0 1.5 4 5.5 7.5
883 1 0.875 0.63 0.259 0 1.5 3.5 5 7
884 1 0.875 0.63 0.259 0 1.5 3.5 5 8
885 1 0.875 0.63 0.259 0 1.5 3.5 5 7.5
886 1 0.875 0.63 0.259 0 1.5 3.5 6 7
887 1 0.875 0.63 0.259 0 1.5 3.5 6 8
888 1 0.875 0.63 0.259 0 1.5 3.5 6 7.5
889 1 0.875 0.63 0.259 0 1.5 3.5 5.5 7
890 1 0.875 0.63 0.259 0 1.5 3.5 5.5 8
891 1 0.875 0.63 0.259 0 1.5 3.5 5.5 7.5
892 1 0.875 0.63 0.259 5e-04 1 3 5 7
893 1 0.875 0.63 0.259 5e-04 1 3 5 8
894 1 0.875 0.63 0.259 5e-04 1 3 5 7.5
895 1 0.875 0.63 0.259 5e-04 1 3 6 7
896 1 0.875 0.63 0.259 5e-04 1 3 6 8
897 1 0.875 0.63 0.259 5e-04 1 3 6 7.5
898 1 0.875 0.63 0.259 5e-04 1 3 5.5 7
899 1 0.875 0.63 0.259 5e-04 1 3 5.5 8
900 1 0.875 0.63 0.259 5e-04 1 3 5.5 7.5
901 1 0.875 0.63 0.259 5e-04 1 4 5 7
902 1 0.875 0.63 0.259 5e-04 1 4 5 8
903 1 0.875 0.63 0.259 5e-04 1 4 5 7.5
904 1 0.875 0.63 0.259 5e-04 1 4 6 7
905 1 0.875 0.63 0.259 5e-04 1 4 6 8
906 1 0.875 0.63 0.259 5e-04 1 4 6 7.5
907 1 0.875 0.63 0.259 5e-04 1 4 5.5 7
908 1 0.875 0.63 0.259 5e-04 1 4 5.5 8
909 1 0.875 0.63 0.259 5e-04 1 4 5.5 7.5
910 1 0.875 0.63 0.259 5e-04 1 3.5 5 7
911 1 0.875 0.63 0.259 5e-04 1 3.5 5 8
912 1 0.875 0.63 0.259 5e-04 1 3.5 5 7.5
913 1 0.875 0.63 0.259 5e-04 1 3.5 6 7
914 1 0.875 0.63 0.259 5e-04 1 3.5 6 8
915 1 0.875 0.63 0.259 5e-04 1 3.5 6 7.5
916 1 0.875 0.63 0.259 5e-04 1 3.5 5.5 7
917 1 0.875 0.63 0.259 5e-04 1 3.5 5.5 8
918 1 0.875 0.63 0.259 5e-04 1 3.5 5.5 7.5
919 1 0.875 0.63 0.259 5e-04 2 3 5 7
920 1 0.875 0.63 0.259 5e-04 2 3 5 8
921 1 0.875 0.63 0.259 5e-04 2 3 5 7.5
922 1 0.875 0.63 0.259 5e-04 2 3 6 7
923 1 0.875 0.63 0.259 5e-04 2 3 6 8
924 1 0.875 0.63 0.259 5e-04 2 3 6 7.5
925 1 0.875 0.63 0.259 5e-04 2 3 5.5 7
926 1 0.875 0.63 0.259 5e-04 2 3 5.5 8
927 1 0.875 0.63 0.259 5e-04 2 3 5.5 7.5
928 1 0.875 0.63 0.259 5e-04 2 4 5 7
929 1 0.875 0.63 0.259 5e-04 2 4 5 8
930 1 0.875 0.63 0.259 5e-04 2 4 5 7.5
931 1 0.875 0.63 0.259 5e-04 2 4 6 7
932 1 0.875 0.63 0.259 5e-04 2 4 6 8
933 1 0.875 0.63 0.259 5e-04 2 4 6 7.5
934 1 0.875 0.63 0.259 5e-04 2 4 5.5 7
935 1 0.875 0.63 0.259 5e-04 2 4 5.5 8
936 1 0.875 0.63 0.259 5e-04 2 4 5.5 7.5
937 1 0.875 0.63 0.259 5e-04 2 3.5 5 7
938 1 0.875 0.63 0.259 5e-04 2 3.5 5 8
939 1 0.875 0.63 0.259 5e-04 2 3.5 5 7.5
940 1 0.875 0.63 0.259 5e-04 2 3.5 6 7
941 1 0.875 0.63 0.259 5e-04 2 3.5 6 8
942 1 0.875 0.63 0.259 5e-04 2 3.5 6 7.5
943 1 0.875 0.63 0.259 5e-04 2 3.5 5.5 7
944 1 0.875 0.63 0.259 5e-04 2 3.5 5.5 8
945 1 0.875 0.63 0.259 5e-04 2 3.5 5.5 7.5
946 1 0.875 0.63 0.259 5e-04 1.5 3 5 7
947 1 0.875 0.63 0.259 5e-04 1.5 3 5 8
948 1 0.875 0.63 0.259 5e-04 1.5 3 5 7.5
949 1 0.875 0.63 0.259 5e-04 1.5 3 6 7
950 1 0.875 0.63 0.259 5e-04 1.5 3 6 8
951 1 0.875 0.63 0.259 5e-04 1.5 3 6 7.5
952 1 0.875 0.63 0.259 5e-04 1.5 3 5.5 7
953 1 0.875 0.63 0.259 5e-04 1.5 3 5.5 8
954 1 0.875 0.63 0.259 5e-04 1.5 3 5.5 7.5
955 1 0.875 0.63 0.259 5e-04 1.5 4 5 7
956 1 0.875 0.63 0.259 5e-04 1.5 4 5 8
957 1 0.875 0.63 0.259 5e-04 1.5 4 5 7.5
958 1 0.875 0.63 0.259 5e-04 1.5 4 6 7
959 1 0.875 0.63 0.259 5e-04 1.5 4 6 8
960 1 0.875 0.63 0.259 5e-04 1.5 4 6 7.5
961 1 0.875 0.63 0.259 5e-04 1.5 4 5.5 7
962 1 0.875 0.63 0.259 5e-04 1.5 4 5.5 8
963 1 0.875 0.63 0.259 5e-04 1.5 4 5.5 7.5
964 1 0.875 0.63 0.259 5e-04 1.5 3.5 5 7
965 1 0.875 0.63 0.259 5e-04 1.5 3.5 5 8
966 1 0.875 0.63 0.259 5e-04 1.5 3.5 5 7.5
967 1 0.875 0.63 0.259 5e-04 1.5 3.5 6 7
968 1 0.875 0.63 0.259 5e-04 1.5 3.5 6 8
969 1 0.875 0.63 0.259 5e-04 1.5 3.5 6 7.5
970 1 0.875 0.63 0.259 5e-04 1.5 3.5 5.5 7
971 1 0.875 0.63 0.259 5e-04 1.5 3.5 5.5 8
972 1 0.875 0.63 0.259 5e-04 1.5 3.5 5.5 7.5
973 1 0.875 0.63 0.556 0.001 1 3 5 7
974 1 0.875 0.63 0.556 0.001 1 3 5 8
975 1 0.875 0.63 0.556 0.001 1 3 5 7.5
976 1 0.875 0.63 0.556 0.001 1 3 6 7
977 1 0.875 0.63 0.556 0.001 1 3 6 8
978 1 0.875 0.63 0.556 0.001 1 3 6 7.5
979 1 0.875 0.63 0.556 0.001 1 3 5.5 7
980 1 0.875 0.63 0.556 0.001 1 3 5.5 8
981 1 0.875 0.63 0.556 0.001 1 3 5.5 7.5
982 1 0.875 0.63 0.556 0.001 1 4 5 7
983 1 0.875 0.63 0.556 0.001 1 4 5 8
984 1 0.875 0.63 0.556 0.001 1 4 5 7.5
985 1 0.875 0.63 0.556 0.001 1 4 6 7
986 1 0.875 0.63 0.556 0.001 1 4 6 8
987 1 0.875 0.63 0.556 0.001 1 4 6 7.5
988 1 0.875 0.63 0.556 0.001 1 4 5.5 7
989 1 0.875 0.63 0.556 0.001 1 4 5.5 8
990 1 0.875 0.63 0.556 0.001 1 4 5.5 7.5
991 1 0.875 0.63 0.556 0.001 1 3.5 5 7
992 1 0.875 0.63 0.556 0.001 1 3.5 5 8
993 1 0.875 0.63 0.556 0.001 1 3.5 5 7.5
994 1 0.875 0.63 0.556 0.001 1 3.5 6 7
995 1 0.875 0.63 0.556 0.001 1 3.5 6 8
996 1 0.875 0.63 0.556 0.001 1 3.5 6 7.5
997 1 0.875 0.63 0.556 0.001 1 3.5 5.5 7
998 1 0.875 0.63 0.556 0.001 1 3.5 5.5 8
999 1 0.875 0.63 0.556 0.001 1 3.5 5.5 7.5
1000 1 0.875 0.63 0.556 0.001 2 3 5 7
1001 1 0.875 0.63 0.556 0.001 2 3 5 8
1002 1 0.875 0.63 0.556 0.001 2 3 5 7.5
1003 1 0.875 0.63 0.556 0.001 2 3 6 7
1004 1 0.875 0.63 0.556 0.001 2 3 6 8
1005 1 0.875 0.63 0.556 0.001 2 3 6 7.5
1006 1 0.875 0.63 0.556 0.001 2 3 5.5 7
1007 1 0.875 0.63 0.556 0.001 2 3 5.5 8
1008 1 0.875 0.63 0.556 0.001 2 3 5.5 7.5
1009 1 0.875 0.63 0.556 0.001 2 4 5 7
1010 1 0.875 0.63 0.556 0.001 2 4 5 8
1011 1 0.875 0.63 0.556 0.001 2 4 5 7.5
1012 1 0.875 0.63 0.556 0.001 2 4 6 7
1013 1 0.875 0.63 0.556 0.001 2 4 6 8
1014 1 0.875 0.63 0.556 0.001 2 4 6 7.5
1015 1 0.875 0.63 0.556 0.001 2 4 5.5 7
1016 1 0.875 0.63 0.556 0.001 2 4 5.5 8
1017 1 0.875 0.63 0.556 0.001 2 4 5.5 7.5
1018 1 0.875 0.63 0.556 0.001 2 3.5 5 7
1019 1 0.875 0.63 0.556 0.001 2 3.5 5 8
1020 1 0.875 0.63 0.556 0.001 2 3.5 5 7.5
1021 1 0.875 0.63 0.556 0.001 2 3.5 6 7
1022 1 0.875 0.63 0.556 0.001 2 3.5 6 8
1023 1 0.875 0.63 0.556 0.001 2 3.5 6 7.5
1024 1 0.875 0.63 0.556 0.001 2 3.5 5.5 7
1025 1 0.875 0.63 0.556 0.001 2 3.5 5.5 8
1026 1 0.875 0.63 0.556 0.001 2 3.5 5.5 7.5
1027 1 0.875 0.63 0.556 0.001 1.5 3 5 7
1028 1 0.875 0.63 0.556 0.001 1.5 3 5 8
1029 1 0.875 0.63 0.556 0.001 1.5 3 5 7.5
1030 1 0.875 0.63 0.556 0.001 1.5 3 6 7
1031 1 0.875 0.63 0.556 0.001 1.5 3 6 8
1032 1 0.875 0.63 0.556 0.001 1.5 3 6 7.5
1033 1 0.875 0.63 0.556 0.001 1.5 3 5.5 7
1034 1 0.875 0.63 0.556 0.001 1.5 3 5.5 8
1035 1 0.875 0.63 0.556 0.001 1.5 3 5.5 7.5
1036 1 0.875 0.63 0.556 0.001 1.5 4 5 7
1037 1 0.875 0.63 0.556 0.001 1.5 4 5 8
1038 1 0.875 0.63 0.556 0.001 1.5 4 5 7.5
1039 1 0.875 0.63 0.556 0.001 1.5 4 6 7
1040 1 0.875 0.63 0.556 0.001 1.5 4 6 8
1041 1 0.875 0.63 0.556 0.001 1.5 4 6 7.5
1042 1 0.875 0.63 0.556 0.001 1.5 4 5.5 7
1043 1 0.875 0.63 0.556 0.001 1.5 4 5.5 8
1044 1 0.875 0.63 0.556 0.001 1.5 4 5.5 7.5
1045 1 0.875 0.63 0.556 0.001 1.5 3.5 5 7
1046 1 0.875 0.63 0.556 0.001 1.5 3.5 5 8
1047 1 0.875 0.63 0.556 0.001 1.5 3.5 5 7.5
1048 1 0.875 0.63 0.556 0.001 1.5 3.5 6 7
1049 1 0.875 0.63 0.556 0.001 1.5 3.5 6 8
1050 1 0.875 0.63 0.556 0.001 1.5 3.5 6 7.5
1051 1 0.875 0.63 0.556 0.001 1.5 3.5 5.5 7
1052 1 0.875 0.63 0.556 0.001 1.5 3.5 5.5 8
1053 1 0.875 0.63 0.556 0.001 1.5 3.5 5.5 7.5
1054 1 0.875 0.63 0.556 0 1 3 5 7
1055 1 0.875 0.63 0.556 0 1 3 5 8
1056 1 0.875 0.63 0.556 0 1 3 5 7.5
1057 1 0.875 0.63 0.556 0 1 3 6 7
1058 1 0.875 0.63 0.556 0 1 3 6 8
1059 1 0.875 0.63 0.556 0 1 3 6 7.5
1060 1 0.875 0.63 0.556 0 1 3 5.5 7
1061 1 0.875 0.63 0.556 0 1 3 5.5 8
1062 1 0.875 0.63 0.556 0 1 3 5.5 7.5
1063 1 0.875 0.63 0.556 0 1 4 5 7
1064 1 0.875 0.63 0.556 0 1 4 5 8
1065 1 0.875 0.63 0.556 0 1 4 5 7.5
1066 1 0.875 0.63 0.556 0 1 4 6 7
1067 1 0.875 0.63 0.556 0 1 4 6 8
1068 1 0.875 0.63 0.556 0 1 4 6 7.5
1069 1 0.875 0.63 0.556 0 1 4 5.5 7
1070 1 0.875 0.63 0.556 0 1 4 5.5 8
1071 1 0.875 0.63 0.556 0 1 4 5.5 7.5
1072 1 0.875 0.63 0.556 0 1 3.5 5 7
1073 1 0.875 0.63 0.556 0 1 3.5 5 8
1074 1 0.875 0.63 0.556 0 1 3.5 5 7.5
1075 1 0.875 0.63 0.556 0 1 3.5 6 7
1076 1 0.875 0.63 0.556 0 1 3.5 6 8
1077 1 0.875 0.63 0.556 0 1 3.5 6 7.5
1078 1 0.875 0.63 0.556 0 1 3.5 5.5 7
1079 1 0.875 0.63 0.556 0 1 3.5 5.5 8
1080 1 0.875 0.63 0.556 0 1 3.5 5.5 7.5
1081 1 0.875 0.63 0.556 0 2 3 5 7
1082 1 0.875 0.63 0.556 0 2 3 5 8
1083 1 0.875 0.63 0.556 0 2 3 5 7.5
1084 1 0.875 0.63 0.556 0 2 3 6 7
1085 1 0.875 0.63 0.556 0 2 3 6 8
1086 1 0.875 0.63 0.556 0 2 3 6 7.5
1087 1 0.875 0.63 0.556 0 2 3 5.5 7
1088 1 0.875 0.63 0.556 0 2 3 5.5 8
1089 1 0.875 0.63 0.556 0 2 3 5.5 7.5
1090 1 0.875 0.63 0.556 0 2 4 5 7
1091 1 0.875 0.63 0.556 0 2 4 5 8
1092 1 0.875 0.63 0.556 0 2 4 5 7.5
1093 1 0.875 0.63 0.556 0 2 4 6 7
1094 1 0.875 0.63 0.556 0 2 4 6 8
1095 1 0.875 0.63 0.556 0 2 4 6 7.5
1096 1 0.875 0.63 0.556 0 2 4 5.5 7
1097 1 0.875 0.63 0.556 0 2 4 5.5 8
1098 1 0.875 0.63 0.556 0 2 4 5.5 7.5
1099 1 0.875 0.63 0.556 0 2 3.5 5 7
1100 1 0.875 0.63 0.556 0 2 3.5 5 8
1101 1 0.875 0.63 0.556 0 2 3.5 5 7.5
1102 1 0.875 0.63 0.556 0 2 3.5 6 7
1103 1 0.875 0.63 0.556 0 2 3.5 6 8
1104 1 0.875 0.63 0.556 0 2 3.5 6 7.5
1105 1 0.875 0.63 0.556 0 2 3.5 5.5 7
1106 1 0.875 0.63 0.556 0 2 3.5 5.5 8
1107 1 0.875 0.63 0.556 0 2 3.5 5.5 7.5
1108 1 0.875 0.63 0.556 0 1.5 3 5 7
1109 1 0.875 0.63 0.556 0 1.5 3 5 8
1110 1 0.875 0.63 0.556 0 1.5 3 5 7.5
1111 1 0.875 0.63 0.556 0 1.5 3 6 7
1112 1 0.875 0.63 0.556 0 1.5 3 6 8
1113 1 0.875 0.63 0.556 0 1.5 3 6 7.5
1114 1 0.875 0.63 0.556 0 1.5 3 5.5 7
1115 1 0.875 0.63 0.556 0 1.5 3 5.5 8
1116 1 0.875 0.63 0.556 0 1.5 3 5.5 7.5
1117 1 0.875 0.63 0.556 0 1.5 4 5 7
1118 1 0.875 0.63 0.556 0 1.5 4 5 8
1119 1 0.875 0.63 0.556 0 1.5 4 5 7.5
1120 1 0.875 0.63 0.556 0 1.5 4 6 7
1121 1 0.875 0.63 0.556 0 1.5 4 6 8
1122 1 0.875 0.63 0.556 0 1.5 4 6 7.5
1123 1 0.875 0.63 0.556 0 1.5 4 5.5 7
1124 1 0.875 0.63 0.556 0 1.5 4 5.5 8
1125 1 0.875 0.63 0.556 0 1.5 4 5.5 7.5
1126 1 0.875 0.63 0.556 0 1.5 3.5 5 7
1127 1 0.875 0.63 0.556 0 1.5 3.5 5 8
1128 1 0.875 0.63 0.556 0 1.5 3.5 5 7.5
1129 1 0.875 0.63 0.556 0 1.5 3.5 6 7
1130 1 0.875 0.63 0.556 0 1.5 3.5 6 8
1131 1 0.875 0.63 0.556 0 1.5 3.5 6 7.5
1132 1 0.875 0.63 0.556 0 1.5 3.5 5.5 7
1133 1 0.875 0.63 0.556 0 1.5 3.5 5.5 8
1134 1 0.875 0.63 0.556 0 1.5 3.5 5.5 7.5
1135 1 0.875 0.63 0.556 5e-04 1 3 5 7
1136 1 0.875 0.63 0.556 5e-04 1 3 5 8
1137 1 0.875 0.63 0.556 5e-04 1 3 5 7.5
1138 1 0.875 0.63 0.556 5e-04 1 3 6 7
1139 1 0.875 0.63 0.556 5e-04 1 3 6 8
1140 1 0.875 0.63 0.556 5e-04 1 3 6 7.5
1141 1 0.875 0.63 0.556 5e-04 1 3 5.5 7
1142 1 0.875 0.63 0.556 5e-04 1 3 5.5 8
1143 1 0.875 0.63 0.556 5e-04 1 3 5.5 7.5
1144 1 0.875 0.63 0.556 5e-04 1 4 5 7
1145 1 0.875 0.63 0.556 5e-04 1 4 5 8
1146 1 0.875 0.63 0.556 5e-04 1 4 5 7.5
1147 1 0.875 0.63 0.556 5e-04 1 4 6 7
1148 1 0.875 0.63 0.556 5e-04 1 4 6 8
1149 1 0.875 0.63 0.556 5e-04 1 4 6 7.5
1150 1 0.875 0.63 0.556 5e-04 1 4 5.5 7
1151 1 0.875 0.63 0.556 5e-04 1 4 5.5 8
1152 1 0.875 0.63 0.556 5e-04 1 4 5.5 7.5
1153 1 0.875 0.63 0.556 5e-04 1 3.5 5 7
1154 1 0.875 0.63 0.556 5e-04 1 3.5 5 8
1155 1 0.875 0.63 0.556 5e-04 1 3.5 5 7.5
1156 1 0.875 0.63 0.556 5e-04 1 3.5 6 7
1157 1 0.875 0.63 0.556 5e-04 1 3.5 6 8
1158 1 0.875 0.63 0.556 5e-04 1 3.5 6 7.5
1159 1 0.875 0.63 0.556 5e-04 1 3.5 5.5 7
1160 1 0.875 0.63 0.556 5e-04 1 3.5 5.5 8
1161 1 0.875 0.63 0.556 5e-04 1 3.5 5.5 7.5
1162 1 0.875 0.63 0.556 5e-04 2 3 5 7
1163 1 0.875 0.63 0.556 5e-04 2 3 5 8
1164 1 0.875 0.63 0.556 5e-04 2 3 5 7.5
1165 1 0.875 0.63 0.556 5e-04 2 3 6 7
1166 1 0.875 0.63 0.556 5e-04 2 3 6 8
1167 1 0.875 0.63 0.556 5e-04 2 3 6 7.5
1168 1 0.875 0.63 0.556 5e-04 2 3 5.5 7
1169 1 0.875 0.63 0.556 5e-04 2 3 5.5 8
1170 1 0.875 0.63 0.556 5e-04 2 3 5.5 7.5
1171 1 0.875 0.63 0.556 5e-04 2 4 5 7
1172 1 0.875 0.63 0.556 5e-04 2 4 5 8
1173 1 0.875 0.63 0.556 5e-04 2 4 5 7.5
1174 1 0.875 0.63 0.556 5e-04 2 4 6 7
1175 1 0.875 0.63 0.556 5e-04 2 4 6 8
1176 1 0.875 0.63 0.556 5e-04 2 4 6 7.5
1177 1 0.875 0.63 0.556 5e-04 2 4 5.5 7
1178 1 0.875 0.63 0.556 5e-04 2 4 5.5 8
1179 1 0.875 0.63 0.556 5e-04 2 4 5.5 7.5
1180 1 0.875 0.63 0.556 5e-04 2 3.5 5 7
1181 1 0.875 0.63 0.556 5e-04 2 3.5 5 8
1182 1 0.875 0.63 0.556 5e-04 2 3.5 5 7.5
1183 1 0.875 0.63 0.556 5e-04 2 3.5 6 7
1184 1 0.875 0.63 0.556 5e-04 2 3.5 6 8
1185 1 0.875 0.63 0.556 5e-04 2 3.5 6 7.5
1186 1 0.875 0.63 0.556 5e-04 2 3.5 5.5 7
1187 1 0.875 0.63 0.556 5e-04 2 3.5 5.5 8
1188 1 0.875 0.63 0.556 5e-04 2 3.5 5.5 7.5
1189 1 0.875 0.63 0.556 5e-04 1.5 3 5 7
1190 1 0.875 0.63 0.556 5e-04 1.5 3 5 8
1191 1 0.875 0.63 0.556 5e-04 1.5 3 5 7.5
1192 1 0.875 0.63 0.556 5e-04 1.5 3 6 7
1193 1 0.875 0.63 0.556 5e-04 1.5 3 6 8
1194 1 0.875 0.63 0.556 5e-04 1.5 3 6 7.5
1195 1 0.875 0.63 0.556 5e-04 1.5 3 5.5 7
1196 1 0.875 0.63 0.556 5e-04 1.5 3 5.5 8
1197 1 0.875 0.63 0.556 5e-04 1.5 3 5.5 7.5
1198 1 0.875 0.63 0.556 5e-04 1.5 4 5 7
1199 1 0.875 0.63 0.556 5e-04 1.5 4 5 8
1200 1 0.875 0.63 0.556 5e-04 1.5 4 5 7.5
1201 1 0.875 0.63 0.556 5e-04 1.5 4 6 7
1202 1 0.875 0.63 0.556 5e-04 1.5 4 6 8
1203 1 0.875 0.63 0.556 5e-04 1.5 4 6 7.5
1204 1 0.875 0.63 0.556 5e-04 1.5 4 5.5 7
1205 1 0.875 0.63 0.556 5e-04 1.5 4 5.5 8
1206 1 0.875 0.63 0.556 5e-04 1.5 4 5.5 7.5
1207 1 0.875 0.63 0.556 5e-04 1.5 3.5 5 7
1208 1 0.875 0.63 0.556 5e-04 1.5 3.5 5 8
1209 1 0.875 0.63 0.556 5e-04 1.5 3.5 5 7.5
1210 1 0.875 0.63 0.556 5e-04 1.5 3.5 6 7
1211 1 0.875 0.63 0.556 5e-04 1.5 3.5 6 8
1212 1 0.875 0.63 0.556 5e-04 1.5 3.5 6 7.5
1213 1 0.875 0.63 0.556 5e-04 1.5 3.5 5.5 7
1214 1 0.875 0.63 0.556 5e-04 1.5 3.5 5.5 8
1215 1 0.875 0.63 0.556 5e-04 1.5 3.5 5.5 7.5
1216 1 0.875 0.63 0.4075 0.001 1 3 5 7
1217 1 0.875 0.63 0.4075 0.001 1 3 5 8
1218 1 0.875 0.63 0.4075 0.001 1 3 5 7.5
1219 1 0.875 0.63 0.4075 0.001 1 3 6 7
1220 1 0.875 0.63 0.4075 0.001 1 3 6 8
1221 1 0.875 0.63 0.4075 0.001 1 3 6 7.5
1222 1 0.875 0.63 0.4075 0.001 1 3 5.5 7
1223 1 0.875 0.63 0.4075 0.001 1 3 5.5 8
1224 1 0.875 0.63 0.4075 0.001 1 3 5.5 7.5
1225 1 0.875 0.63 0.4075 0.001 1 4 5 7
1226 1 0.875 0.63 0.4075 0.001 1 4 5 8
1227 1 0.875 0.63 0.4075 0.001 1 4 5 7.5
1228 1 0.875 0.63 0.4075 0.001 1 4 6 7
1229 1 0.875 0.63 0.4075 0.001 1 4 6 8
1230 1 0.875 0.63 0.4075 0.001 1 4 6 7.5
1231 1 0.875 0.63 0.4075 0.001 1 4 5.5 7
1232 1 0.875 0.63 0.4075 0.001 1 4 5.5 8
1233 1 0.875 0.63 0.4075 0.001 1 4 5.5 7.5
1234 1 0.875 0.63 0.4075 0.001 1 3.5 5 7
1235 1 0.875 0.63 0.4075 0.001 1 3.5 5 8
1236 1 0.875 0.63 0.4075 0.001 1 3.5 5 7.5
1237 1 0.875 0.63 0.4075 0.001 1 3.5 6 7
1238 1 0.875 0.63 0.4075 0.001 1 3.5 6 8
1239 1 0.875 0.63 0.4075 0.001 1 3.5 6 7.5
1240 1 0.875 0.63 0.4075 0.001 1 3.5 5.5 7
1241 1 0.875 0.63 0.4075 0.001 1 3.5 5.5 8
1242 1 0.875 0.63 0.4075 0.001 1 3.5 5.5 7.5
1243 1 0.875 0.63 0.4075 0.001 2 3 5 7
1244 1 0.875 0.63 0.4075 0.001 2 3 5 8
1245 1 0.875 0.63 0.4075 0.001 2 3 5 7.5
1246 1 0.875 0.63 0.4075 0.001 2 3 6 7
1247 1 0.875 0.63 0.4075 0.001 2 3 6 8
1248 1 0.875 0.63 0.4075 0.001 2 3 6 7.5
1249 1 0.875 0.63 0.4075 0.001 2 3 5.5 7
1250 1 0.875 0.63 0.4075 0.001 2 3 5.5 8
1251 1 0.875 0.63 0.4075 0.001 2 3 5.5 7.5
1252 1 0.875 0.63 0.4075 0.001 2 4 5 7
1253 1 0.875 0.63 0.4075 0.001 2 4 5 8
1254 1 0.875 0.63 0.4075 0.001 2 4 5 7.5
1255 1 0.875 0.63 0.4075 0.001 2 4 6 7
1256 1 0.875 0.63 0.4075 0.001 2 4 6 8
1257 1 0.875 0.63 0.4075 0.001 2 4 6 7.5
1258 1 0.875 0.63 0.4075 0.001 2 4 5.5 7
1259 1 0.875 0.63 0.4075 0.001 2 4 5.5 8
1260 1 0.875 0.63 0.4075 0.001 2 4 5.5 7.5
1261 1 0.875 0.63 0.4075 0.001 2 3.5 5 7
1262 1 0.875 0.63 0.4075 0.001 2 3.5 5 8
1263 1 0.875 0.63 0.4075 0.001 2 3.5 5 7.5
1264 1 0.875 0.63 0.4075 0.001 2 3.5 6 7
1265 1 0.875 0.63 0.4075 0.001 2 3.5 6 8
1266 1 0.875 0.63 0.4075 0.001 2 3.5 6 7.5
1267 1 0.875 0.63 0.4075 0.001 2 3.5 5.5 7
1268 1 0.875 0.63 0.4075 0.001 2 3.5 5.5 8
1269 1 0.875 0.63 0.4075 0.001 2 3.5 5.5 7.5
1270 1 0.875 0.63 0.4075 0.001 1.5 3 5 7
1271 1 0.875 0.63 0.4075 0.001 1.5 3 5 8
1272 1 0.875 0.63 0.4075 0.001 1.5 3 5 7.5
1273 1 0.875 0.63 0.4075 0.001 1.5 3 6 7
1274 1 0.875 0.63 0.4075 0.001 1.5 3 6 8
1275 1 0.875 0.63 0.4075 0.001 1.5 3 6 7.5
1276 1 0.875 0.63 0.4075 0.001 1.5 3 5.5 7
1277 1 0.875 0.63 0.4075 0.001 1.5 3 5.5 8
1278 1 0.875 0.63 0.4075 0.001 1.5 3 5.5 7.5
1279 1 0.875 0.63 0.4075 0.001 1.5 4 5 7
1280 1 0.875 0.63 0.4075 0.001 1.5 4 5 8
1281 1 0.875 0.63 0.4075 0.001 1.5 4 5 7.5
1282 1 0.875 0.63 0.4075 0.001 1.5 4 6 7
1283 1 0.875 0.63 0.4075 0.001 1.5 4 6 8
1284 1 0.875 0.63 0.4075 0.001 1.5 4 6 7.5
1285 1 0.875 0.63 0.4075 0.001 1.5 4 5.5 7
1286 1 0.875 0.63 0.4075 0.001 1.5 4 5.5 8
1287 1 0.875 0.63 0.4075 0.001 1.5 4 5.5 7.5
1288 1 0.875 0.63 0.4075 0.001 1.5 3.5 5 7
1289 1 0.875 0.63 0.4075 0.001 1.5 3.5 5 8
1290 1 0.875 0.63 0.4075 0.001 1.5 3.5 5 7.5
1291 1 0.875 0.63 0.4075 0.001 1.5 3.5 6 7
1292 1 0.875 0.63 0.4075 0.001 1.5 3.5 6 8
1293 1 0.875 0.63 0.4075 0.001 1.5 3.5 6 7.5
1294 1 0.875 0.63 0.4075 0.001 1.5 3.5 5.5 7
1295 1 0.875 0.63 0.4075 0.001 1.5 3.5 5.5 8
1296 1 0.875 0.63 0.4075 0.001 1.5 3.5 5.5 7.5
1297 1 0.875 0.63 0.4075 0 1 3 5 7
1298 1 0.875 0.63 0.4075 0 1 3 5 8
1299 1 0.875 0.63 0.4075 0 1 3 5 7.5
1300 1 0.875 0.63 0.4075 0 1 3 6 7
1301 1 0.875 0.63 0.4075 0 1 3 6 8
1302 1 0.875 0.63 0.4075 0 1 3 6 7.5
1303 1 0.875 0.63 0.4075 0 1 3 5.5 7
1304 1 0.875 0.63 0.4075 0 1 3 5.5 8
1305 1 0.875 0.63 0.4075 0 1 3 5.5 7.5
1306 1 0.875 0.63 0.4075 0 1 4 5 7
1307 1 0.875 0.63 0.4075 0 1 4 5 8
1308 1 0.875 0.63 0.4075 0 1 4 5 7.5
1309 1 0.875 0.63 0.4075 0 1 4 6 7
1310 1 0.875 0.63 0.4075 0 1 4 6 8
1311 1 0.875 0.63 0.4075 0 1 4 6 7.5
1312 1 0.875 0.63 0.4075 0 1 4 5.5 7
1313 1 0.875 0.63 0.4075 0 1 4 5.5 8
1314 1 0.875 0.63 0.4075 0 1 4 5.5 7.5
1315 1 0.875 0.63 0.4075 0 1 3.5 5 7
1316 1 0.875 0.63 0.4075 0 1 3.5 5 8
1317 1 0.875 0.63 0.4075 0 1 3.5 5 7.5
1318 1 0.875 0.63 0.4075 0 1 3.5 6 7
1319 1 0.875 0.63 0.4075 0 1 3.5 6 8
1320 1 0.875 0.63 0.4075 0 1 3.5 6 7.5
1321 1 0.875 0.63 0.4075 0 1 3.5 5.5 7
1322 1 0.875 0.63 0.4075 0 1 3.5 5.5 8
1323 1 0.875 0.63 0.4075 0 1 3.5 5.5 7.5
1324 1 0.875 0.63 0.4075 0 2 3 5 7
1325 1 0.875 0.63 0.4075 0 2 3 5 8
1326 1 0.875 0.63 0.4075 0 2 3 5 7.5
1327 1 0.875 0.63 0.4075 0 2 3 6 7
1328 1 0.875 0.63 0.4075 0 2 3 6 8
1329 1 0.875 0.63 0.4075 0 2 3 6 7.5
1330 1 0.875 0.63 0.4075 0 2 3 5.5 7
1331 1 0.875 0.63 0.4075 0 2 3 5.5 8
1332 1 0.875 0.63 0.4075 0 2 3 5.5 7.5
1333 1 0.875 0.63 0.4075 0 2 4 5 7
1334 1 0.875 0.63 0.4075 0 2 4 5 8
1335 1 0.875 0.63 0.4075 0 2 4 5 7.5
1336 1 0.875 0.63 0.4075 0 2 4 6 7
1337 1 0.875 0.63 0.4075 0 2 4 6 8
1338 1 0.875 0.63 0.4075 0 2 4 6 7.5
1339 1 0.875 0.63 0.4075 0 2 4 5.5 7
1340 1 0.875 0.63 0.4075 0 2 4 5.5 8
1341 1 0.875 0.63 0.4075 0 2 4 5.5 7.5
1342 1 0.875 0.63 0.4075 0 2 3.5 5 7
1343 1 0.875 0.63 0.4075 0 2 3.5 5 8
1344 1 0.875 0.63 0.4075 0 2 3.5 5 7.5
1345 1 0.875 0.63 0.4075 0 2 3.5 6 7
1346 1 0.875 0.63 0.4075 0 2 3.5 6 8
1347 1 0.875 0.63 0.4075 0 2 3.5 6 7.5
1348 1 0.875 0.63 0.4075 0 2 3.5 5.5 7
1349 1 0.875 0.63 0.4075 0 2 3.5 5.5 8
1350 1 0.875 0.63 0.4075 0 2 3.5 5.5 7.5
1351 1 0.875 0.63 0.4075 0 1.5 3 5 7
1352 1 0.875 0.63 0.4075 0 1.5 3 5 8
1353 1 0.875 0.63 0.4075 0 1.5 3 5 7.5
1354 1 0.875 0.63 0.4075 0 1.5 3 6 7
1355 1 0.875 0.63 0.4075 0 1.5 3 6 8
1356 1 0.875 0.63 0.4075 0 1.5 3 6 7.5
1357 1 0.875 0.63 0.4075 0 1.5 3 5.5 7
1358 1 0.875 0.63 0.4075 0 1.5 3 5.5 8
1359 1 0.875 0.63 0.4075 0 1.5 3 5.5 7.5
1360 1 0.875 0.63 0.4075 0 1.5 4 5 7
1361 1 0.875 0.63 0.4075 0 1.5 4 5 8
1362 1 0.875 0.63 0.4075 0 1.5 4 5 7.5
1363 1 0.875 0.63 0.4075 0 1.5 4 6 7
1364 1 0.875 0.63 0.4075 0 1.5 4 6 8
1365 1 0.875 0.63 0.4075 0 1.5 4 6 7.5
1366 1 0.875 0.63 0.4075 0 1.5 4 5.5 7
1367 1 0.875 0.63 0.4075 0 1.5 4 5.5 8
1368 1 0.875 0.63 0.4075 0 1.5 4 5.5 7.5
1369 1 0.875 0.63 0.4075 0 1.5 3.5 5 7
1370 1 0.875 0.63 0.4075 0 1.5 3.5 5 8
1371 1 0.875 0.63 0.4075 0 1.5 3.5 5 7.5
1372 1 0.875 0.63 0.4075 0 1.5 3.5 6 7
1373 1 0.875 0.63 0.4075 0 1.5 3.5 6 8
1374 1 0.875 0.63 0.4075 0 1.5 3.5 6 7.5
1375 1 0.875 0.63 0.4075 0 1.5 3.5 5.5 7
1376 1 0.875 0.63 0.4075 0 1.5 3.5 5.5 8
1377 1 0.875 0.63 0.4075 0 1.5 3.5 5.5 7.5
1378 1 0.875 0.63 0.4075 5e-04 1 3 5 7
1379 1 0.875 0.63 0.4075 5e-04 1 3 5 8
1380 1 0.875 0.63 0.4075 5e-04 1 3 5 7.5
1381 1 0.875 0.63 0.4075 5e-04 1 3 6 7
1382 1 0.875 0.63 0.4075 5e-04 1 3 6 8
1383 1 0.875 0.63 0.4075 5e-04 1 3 6 7.5
1384 1 0.875 0.63 0.4075 5e-04 1 3 5.5 7
1385 1 0.875 0.63 0.4075 5e-04 1 3 5.5 8
1386 1 0.875 0.63 0.4075 5e-04 1 3 5.5 7.5
1387 1 0.875 0.63 0.4075 5e-04 1 4 5 7
1388 1 0.875 0.63 0.4075 5e-04 1 4 5 8
1389 1 0.875 0.63 0.4075 5e-04 1 4 5 7.5
1390 1 0.875 0.63 0.4075 5e-04 1 4 6 7
1391 1 0.875 0.63 0.4075 5e-04 1 4 6 8
1392 1 0.875 0.63 0.4075 5e-04 1 4 6 7.5
1393 1 0.875 0.63 0.4075 5e-04 1 4 5.5 7
1394 1 0.875 0.63 0.4075 5e-04 1 4 5.5 8
1395 1 0.875 0.63 0.4075 5e-04 1 4 5.5 7.5
1396 1 0.875 0.63 0.4075 5e-04 1 3.5 5 7
1397 1 0.875 0.63 0.4075 5e-04 1 3.5 5 8
1398 1 0.875 0.63 0.4075 5e-04 1 3.5 5 7.5
1399 1 0.875 0.63 0.4075 5e-04 1 3.5 6 7
1400 1 0.875 0.63 0.4075 5e-04 1 3.5 6 8
1401 1 0.875 0.63 0.4075 5e-04 1 3.5 6 7.5
1402 1 0.875 0.63 0.4075 5e-04 1 3.5 5.5 7
1403 1 0.875 0.63 0.4075 5e-04 1 3.5 5.5 8
1404 1 0.875 0.63 0.4075 5e-04 1 3.5 5.5 7.5
1405 1 0.875 0.63 0.4075 5e-04 2 3 5 7
1406 1 0.875 0.63 0.4075 5e-04 2 3 5 8
1407 1 0.875 0.63 0.4075 5e-04 2 3 5 7.5
1408 1 0.875 0.63 0.4075 5e-04 2 3 6 7
1409 1 0.875 0.63 0.4075 5e-04 2 3 6 8
1410 1 0.875 0.63 0.4075 5e-04 2 3 6 7.5
1411 1 0.875 0.63 0.4075 5e-04 2 3 5.5 7
1412 1 0.875 0.63 0.4075 5e-04 2 3 5.5 8
1413 1 0.875 0.63 0.4075 5e-04 2 3 5.5 7.5
1414 1 0.875 0.63 0.4075 5e-04 2 4 5 7
1415 1 0.875 0.63 0.4075 5e-04 2 4 5 8
1416 1 0.875 0.63 0.4075 5e-04 2 4 5 7.5
1417 1 0.875 0.63 0.4075 5e-04 2 4 6 7
1418 1 0.875 0.63 0.4075 5e-04 2 4 6 8
1419 1 0.875 0.63 0.4075 5e-04 2 4 6 7.5
1420 1 0.875 0.63 0.4075 5e-04 2 4 5.5 7
1421 1 0.875 0.63 0.4075 5e-04 2 4 5.5 8
1422 1 0.875 0.63 0.4075 5e-04 2 4 5.5 7.5
1423 1 0.875 0.63 0.4075 5e-04 2 3.5 5 7
1424 1 0.875 0.63 0.4075 5e-04 2 3.5 5 8
1425 1 0.875 0.63 0.4075 5e-04 2 3.5 5 7.5
1426 1 0.875 0.63 0.4075 5e-04 2 3.5 6 7
1427 1 0.875 0.63 0.4075 5e-04 2 3.5 6 8
1428 1 0.875 0.63 0.4075 5e-04 2 3.5 6 7.5
1429 1 0.875 0.63 0.4075 5e-04 2 3.5 5.5 7
1430 1 0.875 0.63 0.4075 5e-04 2 3.5 5.5 8
1431 1 0.875 0.63 0.4075 5e-04 2 3.5 5.5 7.5
1432 1 0.875 0.63 0.4075 5e-04 1.5 3 5 7
1433 1 0.875 0.63 0.4075 5e-04 1.5 3 5 8
1434 1 0.875 0.63 0.4075 5e-04 1.5 3 5 7.5
1435 1 0.875 0.63 0.4075 5e-04 1.5 3 6 7
1436 1 0.875 0.63 0.4075 5e-04 1.5 3 6 8
1437 1 0.875 0.63 0.4075 5e-04 1.5 3 6 7.5
1438 1 0.875 0.63 0.4075 5e-04 1.5 3 5.5 7
1439 1 0.875 0.63 0.4075 5e-04 1.5 3 5.5 8
1440 1 0.875 0.63 0.4075 5e-04 1.5 3 5.5 7.5
1441 1 0.875 0.63 0.4075 5e-04 1.5 4 5 7
1442 1 0.875 0.63 0.4075 5e-04 1.5 4 5 8
1443 1 0.875 0.63 0.4075 5e-04 1.5 4 5 7.5
1444 1 0.875 0.63 0.4075 5e-04 1.5 4 6 7
1445 1 0.875 0.63 0.4075 5e-04 1.5 4 6 8
1446 1 0.875 0.63 0.4075 5e-04 1.5 4 6 7.5
1447 1 0.875 0.63 0.4075 5e-04 1.5 4 5.5 7
1448 1 0.875 0.63 0.4075 5e-04 1.5 4 5.5 8
1449 1 0.875 0.63 0.4075 5e-04 1.5 4 5.5 7.5
1450 1 0.875 0.63 0.4075 5e-04 1.5 3.5 5 7
1451 1 0.875 0.63 0.4075 5e-04 1.5 3.5 5 8
1452 1 0.875 0.63 0.4075 5e-04 1.5 3.5 5 7.5
1453 1 0.875 0.63 0.4075 5e-04 1.5 3.5 6 7
1454 1 0.875 0.63 0.4075 5e-04 1.5 3.5 6 8
1455 1 0.875 0.63 0.4075 5e-04 1.5 3.5 6 7.5
1456 1 0.875 0.63 0.4075 5e-04 1.5 3.5 5.5 7
1457 1 0.875 0.63 0.4075 5e-04 1.5 3.5 5.5 8
1458 1 0.875 0.63 0.4075 5e-04 1.5 3.5 5.5 7.5
1459 0.5 0.875 0.63 0.259 0.001 1 3 5 7
1460 0.5 0.875 0.63 0.259 0.001 1 3 5 8
1461 0.5 0.875 0.63 0.259 0.001 1 3 5 7.5
1462 0.5 0.875 0.63 0.259 0.001 1 3 6 7
1463 0.5 0.875 0.63 0.259 0.001 1 3 6 8
1464 0.5 0.875 0.63 0.259 0.001 1 3 6 7.5
1465 0.5 0.875 0.63 0.259 0.001 1 3 5.5 7
1466 0.5 0.875 0.63 0.259 0.001 1 3 5.5 8
1467 0.5 0.875 0.63 0.259 0.001 1 3 5.5 7.5
1468 0.5 0.875 0.63 0.259 0.001 1 4 5 7
1469 0.5 0.875 0.63 0.259 0.001 1 4 5 8
1470 0.5 0.875 0.63 0.259 0.001 1 4 5 7.5
1471 0.5 0.875 0.63 0.259 0.001 1 4 6 7
1472 0.5 0.875 0.63 0.259 0.001 1 4 6 8
1473 0.5 0.875 0.63 0.259 0.001 1 4 6 7.5
1474 0.5 0.875 0.63 0.259 0.001 1 4 5.5 7
1475 0.5 0.875 0.63 0.259 0.001 1 4 5.5 8
1476 0.5 0.875 0.63 0.259 0.001 1 4 5.5 7.5
1477 0.5 0.875 0.63 0.259 0.001 1 3.5 5 7
1478 0.5 0.875 0.63 0.259 0.001 1 3.5 5 8
1479 0.5 0.875 0.63 0.259 0.001 1 3.5 5 7.5
1480 0.5 0.875 0.63 0.259 0.001 1 3.5 6 7
1481 0.5 0.875 0.63 0.259 0.001 1 3.5 6 8
1482 0.5 0.875 0.63 0.259 0.001 1 3.5 6 7.5
1483 0.5 0.875 0.63 0.259 0.001 1 3.5 5.5 7
1484 0.5 0.875 0.63 0.259 0.001 1 3.5 5.5 8
1485 0.5 0.875 0.63 0.259 0.001 1 3.5 5.5 7.5
1486 0.5 0.875 0.63 0.259 0.001 2 3 5 7
1487 0.5 0.875 0.63 0.259 0.001 2 3 5 8
1488 0.5 0.875 0.63 0.259 0.001 2 3 5 7.5
1489 0.5 0.875 0.63 0.259 0.001 2 3 6 7
1490 0.5 0.875 0.63 0.259 0.001 2 3 6 8
1491 0.5 0.875 0.63 0.259 0.001 2 3 6 7.5
1492 0.5 0.875 0.63 0.259 0.001 2 3 5.5 7
1493 0.5 0.875 0.63 0.259 0.001 2 3 5.5 8
1494 0.5 0.875 0.63 0.259 0.001 2 3 5.5 7.5
1495 0.5 0.875 0.63 0.259 0.001 2 4 5 7
1496 0.5 0.875 0.63 0.259 0.001 2 4 5 8
1497 0.5 0.875 0.63 0.259 0.001 2 4 5 7.5
1498 0.5 0.875 0.63 0.259 0.001 2 4 6 7
1499 0.5 0.875 0.63 0.259 0.001 2 4 6 8
1500 0.5 0.875 0.63 0.259 0.001 2 4 6 7.5
1501 0.5 0.875 0.63 0.259 0.001 2 4 5.5 7
1502 0.5 0.875 0.63 0.259 0.001 2 4 5.5 8
1503 0.5 0.875 0.63 0.259 0.001 2 4 5.5 7.5
1504 0.5 0.875 0.63 0.259 0.001 2 3.5 5 7
1505 0.5 0.875 0.63 0.259 0.001 2 3.5 5 8
1506 0.5 0.875 0.63 0.259 0.001 2 3.5 5 7.5
1507 0.5 0.875 0.63 0.259 0.001 2 3.5 6 7
1508 0.5 0.875 0.63 0.259 0.001 2 3.5 6 8
1509 0.5 0.875 0.63 0.259 0.001 2 3.5 6 7.5
1510 0.5 0.875 0.63 0.259 0.001 2 3.5 5.5 7
1511 0.5 0.875 0.63 0.259 0.001 2 3.5 5.5 8
1512 0.5 0.875 0.63 0.259 0.001 2 3.5 5.5 7.5
1513 0.5 0.875 0.63 0.259 0.001 1.5 3 5 7
1514 0.5 0.875 0.63 0.259 0.001 1.5 3 5 8
1515 0.5 0.875 0.63 0.259 0.001 1.5 3 5 7.5
1516 0.5 0.875 0.63 0.259 0.001 1.5 3 6 7
1517 0.5 0.875 0.63 0.259 0.001 1.5 3 6 8
1518 0.5 0.875 0.63 0.259 0.001 1.5 3 6 7.5
1519 0.5 0.875 0.63 0.259 0.001 1.5 3 5.5 7
1520 0.5 0.875 0.63 0.259 0.001 1.5 3 5.5 8
1521 0.5 0.875 0.63 0.259 0.001 1.5 3 5.5 7.5
1522 0.5 0.875 0.63 0.259 0.001 1.5 4 5 7
1523 0.5 0.875 0.63 0.259 0.001 1.5 4 5 8
1524 0.5 0.875 0.63 0.259 0.001 1.5 4 5 7.5
1525 0.5 0.875 0.63 0.259 0.001 1.5 4 6 7
1526 0.5 0.875 0.63 0.259 0.001 1.5 4 6 8
1527 0.5 0.875 0.63 0.259 0.001 1.5 4 6 7.5
1528 0.5 0.875 0.63 0.259 0.001 1.5 4 5.5 7
1529 0.5 0.875 0.63 0.259 0.001 1.5 4 5.5 8
1530 0.5 0.875 0.63 0.259 0.001 1.5 4 5.5 7.5
1531 0.5 0.875 0.63 0.259 0.001 1.5 3.5 5 7
1532 0.5 0.875 0.63 0.259 0.001 1.5 3.5 5 8
1533 0.5 0.875 0.63 0.259 0.001 1.5 3.5 5 7.5
1534 0.5 0.875 0.63 0.259 0.001 1.5 3.5 6 7
1535 0.5 0.875 0.63 0.259 0.001 1.5 3.5 6 8
1536 0.5 0.875 0.63 0.259 0.001 1.5 3.5 6 7.5
1537 0.5 0.875 0.63 0.259 0.001 1.5 3.5 5.5 7
1538 0.5 0.875 0.63 0.259 0.001 1.5 3.5 5.5 8
1539 0.5 0.875 0.63 0.259 0.001 1.5 3.5 5.5 7.5
1540 0.5 0.875 0.63 0.259 0 1 3 5 7
1541 0.5 0.875 0.63 0.259 0 1 3 5 8
1542 0.5 0.875 0.63 0.259 0 1 3 5 7.5
1543 0.5 0.875 0.63 0.259 0 1 3 6 7
1544 0.5 0.875 0.63 0.259 0 1 3 6 8
1545 0.5 0.875 0.63 0.259 0 1 3 6 7.5
1546 0.5 0.875 0.63 0.259 0 1 3 5.5 7
1547 0.5 0.875 0.63 0.259 0 1 3 5.5 8
1548 0.5 0.875 0.63 0.259 0 1 3 5.5 7.5
1549 0.5 0.875 0.63 0.259 0 1 4 5 7
1550 0.5 0.875 0.63 0.259 0 1 4 5 8
1551 0.5 0.875 0.63 0.259 0 1 4 5 7.5
1552 0.5 0.875 0.63 0.259 0 1 4 6 7
1553 0.5 0.875 0.63 0.259 0 1 4 6 8
1554 0.5 0.875 0.63 0.259 0 1 4 6 7.5
1555 0.5 0.875 0.63 0.259 0 1 4 5.5 7
1556 0.5 0.875 0.63 0.259 0 1 4 5.5 8
1557 0.5 0.875 0.63 0.259 0 1 4 5.5 7.5
1558 0.5 0.875 0.63 0.259 0 1 3.5 5 7
1559 0.5 0.875 0.63 0.259 0 1 3.5 5 8
1560 0.5 0.875 0.63 0.259 0 1 3.5 5 7.5
1561 0.5 0.875 0.63 0.259 0 1 3.5 6 7
1562 0.5 0.875 0.63 0.259 0 1 3.5 6 8
1563 0.5 0.875 0.63 0.259 0 1 3.5 6 7.5
1564 0.5 0.875 0.63 0.259 0 1 3.5 5.5 7
1565 0.5 0.875 0.63 0.259 0 1 3.5 5.5 8
1566 0.5 0.875 0.63 0.259 0 1 3.5 5.5 7.5
1567 0.5 0.875 0.63 0.259 0 2 3 5 7
1568 0.5 0.875 0.63 0.259 0 2 3 5 8
1569 0.5 0.875 0.63 0.259 0 2 3 5 7.5
1570 0.5 0.875 0.63 0.259 0 2 3 6 7
1571 0.5 0.875 0.63 0.259 0 2 3 6 8
1572 0.5 0.875 0.63 0.259 0 2 3 6 7.5
1573 0.5 0.875 0.63 0.259 0 2 3 5.5 7
1574 0.5 0.875 0.63 0.259 0 2 3 5.5 8
1575 0.5 0.875 0.63 0.259 0 2 3 5.5 7.5
1576 0.5 0.875 0.63 0.259 0 2 4 5 7
1577 0.5 0.875 0.63 0.259 0 2 4 5 8
1578 0.5 0.875 0.63 0.259 0 2 4 5 7.5
1579 0.5 0.875 0.63 0.259 0 2 4 6 7
1580 0.5 0.875 0.63 0.259 0 2 4 6 8
1581 0.5 0.875 0.63 0.259 0 2 4 6 7.5
1582 0.5 0.875 0.63 0.259 0 2 4 5.5 7
1583 0.5 0.875 0.63 0.259 0 2 4 5.5 8
1584 0.5 0.875 0.63 0.259 0 2 4 5.5 7.5
1585 0.5 0.875 0.63 0.259 0 2 3.5 5 7
1586 0.5 0.875 0.63 0.259 0 2 3.5 5 8
1587 0.5 0.875 0.63 0.259 0 2 3.5 5 7.5
1588 0.5 0.875 0.63 0.259 0 2 3.5 6 7
1589 0.5 0.875 0.63 0.259 0 2 3.5 6 8
1590 0.5 0.875 0.63 0.259 0 2 3.5 6 7.5
1591 0.5 0.875 0.63 0.259 0 2 3.5 5.5 7
1592 0.5 0.875 0.63 0.259 0 2 3.5 5.5 8
1593 0.5 0.875 0.63 0.259 0 2 3.5 5.5 7.5
1594 0.5 0.875 0.63 0.259 0 1.5 3 5 7
1595 0.5 0.875 0.63 0.259 0 1.5 3 5 8
1596 0.5 0.875 0.63 0.259 0 1.5 3 5 7.5
1597 0.5 0.875 0.63 0.259 0 1.5 3 6 7
1598 0.5 0.875 0.63 0.259 0 1.5 3 6 8
1599 0.5 0.875 0.63 0.259 0 1.5 3 6 7.5
1600 0.5 0.875 0.63 0.259 0 1.5 3 5.5 7
1601 0.5 0.875 0.63 0.259 0 1.5 3 5.5 8
1602 0.5 0.875 0.63 0.259 0 1.5 3 5.5 7.5
1603 0.5 0.875 0.63 0.259 0 1.5 4 5 7
1604 0.5 0.875 0.63 0.259 0 1.5 4 5 8
1605 0.5 0.875 0.63 0.259 0 1.5 4 5 7.5
1606 0.5 0.875 0.63 0.259 0 1.5 4 6 7
1607 0.5 0.875 0.63 0.259 0 1.5 4 6 8
1608 0.5 0.875 0.63 0.259 0 1.5 4 6 7.5
1609 0.5 0.875 0.63 0.259 0 1.5 4 5.5 7
1610 0.5 0.875 0.63 0.259 0 1.5 4 5.5 8
1611 0.5 0.875 0.63 0.259 0 1.5 4 5.5 7.5
1612 0.5 0.875 0.63 0.259 0 1.5 3.5 5 7
1613 0.5 0.875 0.63 0.259 0 1.5 3.5 5 8
1614 0.5 0.875 0.63 0.259 0 1.5 3.5 5 7.5
1615 0.5 0.875 0.63 0.259 0 1.5 3.5 6 7
1616 0.5 0.875 0.63 0.259 0 1.5 3.5 6 8
1617 0.5 0.875 0.63 0.259 0 1.5 3.5 6 7.5
1618 0.5 0.875 0.63 0.259 0 1.5 3.5 5.5 7
1619 0.5 0.875 0.63 0.259 0 1.5 3.5 5.5 8
1620 0.5 0.875 0.63 0.259 0 1.5 3.5 5.5 7.5
1621 0.5 0.875 0.63 0.259 5e-04 1 3 5 7
1622 0.5 0.875 0.63 0.259 5e-04 1 3 5 8
1623 0.5 0.875 0.63 0.259 5e-04 1 3 5 7.5
1624 0.5 0.875 0.63 0.259 5e-04 1 3 6 7
1625 0.5 0.875 0.63 0.259 5e-04 1 3 6 8
1626 0.5 0.875 0.63 0.259 5e-04 1 3 6 7.5
1627 0.5 0.875 0.63 0.259 5e-04 1 3 5.5 7
1628 0.5 0.875 0.63 0.259 5e-04 1 3 5.5 8
1629 0.5 0.875 0.63 0.259 5e-04 1 3 5.5 7.5
1630 0.5 0.875 0.63 0.259 5e-04 1 4 5 7
1631 0.5 0.875 0.63 0.259 5e-04 1 4 5 8
1632 0.5 0.875 0.63 0.259 5e-04 1 4 5 7.5
1633 0.5 0.875 0.63 0.259 5e-04 1 4 6 7
1634 0.5 0.875 0.63 0.259 5e-04 1 4 6 8
1635 0.5 0.875 0.63 0.259 5e-04 1 4 6 7.5
1636 0.5 0.875 0.63 0.259 5e-04 1 4 5.5 7
1637 0.5 0.875 0.63 0.259 5e-04 1 4 5.5 8
1638 0.5 0.875 0.63 0.259 5e-04 1 4 5.5 7.5
1639 0.5 0.875 0.63 0.259 5e-04 1 3.5 5 7
1640 0.5 0.875 0.63 0.259 5e-04 1 3.5 5 8
1641 0.5 0.875 0.63 0.259 5e-04 1 3.5 5 7.5
1642 0.5 0.875 0.63 0.259 5e-04 1 3.5 6 7
1643 0.5 0.875 0.63 0.259 5e-04 1 3.5 6 8
1644 0.5 0.875 0.63 0.259 5e-04 1 3.5 6 7.5
1645 0.5 0.875 0.63 0.259 5e-04 1 3.5 5.5 7
1646 0.5 0.875 0.63 0.259 5e-04 1 3.5 5.5 8
1647 0.5 0.875 0.63 0.259 5e-04 1 3.5 5.5 7.5
1648 0.5 0.875 0.63 0.259 5e-04 2 3 5 7
1649 0.5 0.875 0.63 0.259 5e-04 2 3 5 8
1650 0.5 0.875 0.63 0.259 5e-04 2 3 5 7.5
1651 0.5 0.875 0.63 0.259 5e-04 2 3 6 7
1652 0.5 0.875 0.63 0.259 5e-04 2 3 6 8
1653 0.5 0.875 0.63 0.259 5e-04 2 3 6 7.5
1654 0.5 0.875 0.63 0.259 5e-04 2 3 5.5 7
1655 0.5 0.875 0.63 0.259 5e-04 2 3 5.5 8
1656 0.5 0.875 0.63 0.259 5e-04 2 3 5.5 7.5
1657 0.5 0.875 0.63 0.259 5e-04 2 4 5 7
1658 0.5 0.875 0.63 0.259 5e-04 2 4 5 8
1659 0.5 0.875 0.63 0.259 5e-04 2 4 5 7.5
1660 0.5 0.875 0.63 0.259 5e-04 2 4 6 7
1661 0.5 0.875 0.63 0.259 5e-04 2 4 6 8
1662 0.5 0.875 0.63 0.259 5e-04 2 4 6 7.5
1663 0.5 0.875 0.63 0.259 5e-04 2 4 5.5 7
1664 0.5 0.875 0.63 0.259 5e-04 2 4 5.5 8
1665 0.5 0.875 0.63 0.259 5e-04 2 4 5.5 7.5
1666 0.5 0.875 0.63 0.259 5e-04 2 3.5 5 7
1667 0.5 0.875 0.63 0.259 5e-04 2 3.5 5 8
1668 0.5 0.875 0.63 0.259 5e-04 2 3.5 5 7.5
1669 0.5 0.875 0.63 0.259 5e-04 2 3.5 6 7
1670 0.5 0.875 0.63 0.259 5e-04 2 3.5 6 8
1671 0.5 0.875 0.63 0.259 5e-04 2 3.5 6 7.5
1672 0.5 0.875 0.63 0.259 5e-04 2 3.5 5.5 7
1673 0.5 0.875 0.63 0.259 5e-04 2 3.5 5.5 8
1674 0.5 0.875 0.63 0.259 5e-04 2 3.5 5.5 7.5
1675 0.5 0.875 0.63 0.259 5e-04 1.5 3 5 7
1676 0.5 0.875 0.63 0.259 5e-04 1.5 3 5 8
1677 0.5 0.875 0.63 0.259 5e-04 1.5 3 5 7.5
1678 0.5 0.875 0.63 0.259 5e-04 1.5 3 6 7
1679 0.5 0.875 0.63 0.259 5e-04 1.5 3 6 8
1680 0.5 0.875 0.63 0.259 5e-04 1.5 3 6 7.5
1681 0.5 0.875 0.63 0.259 5e-04 1.5 3 5.5 7
1682 0.5 0.875 0.63 0.259 5e-04 1.5 3 5.5 8
1683 0.5 0.875 0.63 0.259 5e-04 1.5 3 5.5 7.5
1684 0.5 0.875 0.63 0.259 5e-04 1.5 4 5 7
1685 0.5 0.875 0.63 0.259 5e-04 1.5 4 5 8
1686 0.5 0.875 0.63 0.259 5e-04 1.5 4 5 7.5
1687 0.5 0.875 0.63 0.259 5e-04 1.5 4 6 7
1688 0.5 0.875 0.63 0.259 5e-04 1.5 4 6 8
1689 0.5 0.875 0.63 0.259 5e-04 1.5 4 6 7.5
1690 0.5 0.875 0.63 0.259 5e-04 1.5 4 5.5 7
1691 0.5 0.875 0.63 0.259 5e-04 1.5 4 5.5 8
1692 0.5 0.875 0.63 0.259 5e-04 1.5 4 5.5 7.5
1693 0.5 0.875 0.63 0.259 5e-04 1.5 3.5 5 7
1694 0.5 0.875 0.63 0.259 5e-04 1.5 3.5 5 8
1695 0.5 0.875 0.63 0.259 5e-04 1.5 3.5 5 7.5
1696 0.5 0.875 0.63 0.259 5e-04 1.5 3.5 6 7
1697 0.5 0.875 0.63 0.259 5e-04 1.5 3.5 6 8
1698 0.5 0.875 0.63 0.259 5e-04 1.5 3.5 6 7.5
1699 0.5 0.875 0.63 0.259 5e-04 1.5 3.5 5.5 7
1700 0.5 0.875 0.63 0.259 5e-04 1.5 3.5 5.5 8
1701 0.5 0.875 0.63 0.259 5e-04 1.5 3.5 5.5 7.5
1702 0.5 0.875 0.63 0.556 0.001 1 3 5 7
1703 0.5 0.875 0.63 0.556 0.001 1 3 5 8
1704 0.5 0.875 0.63 0.556 0.001 1 3 5 7.5
1705 0.5 0.875 0.63 0.556 0.001 1 3 6 7
1706 0.5 0.875 0.63 0.556 0.001 1 3 6 8
1707 0.5 0.875 0.63 0.556 0.001 1 3 6 7.5
1708 0.5 0.875 0.63 0.556 0.001 1 3 5.5 7
1709 0.5 0.875 0.63 0.556 0.001 1 3 5.5 8
1710 0.5 0.875 0.63 0.556 0.001 1 3 5.5 7.5
1711 0.5 0.875 0.63 0.556 0.001 1 4 5 7
1712 0.5 0.875 0.63 0.556 0.001 1 4 5 8
1713 0.5 0.875 0.63 0.556 0.001 1 4 5 7.5
1714 0.5 0.875 0.63 0.556 0.001 1 4 6 7
1715 0.5 0.875 0.63 0.556 0.001 1 4 6 8
1716 0.5 0.875 0.63 0.556 0.001 1 4 6 7.5
1717 0.5 0.875 0.63 0.556 0.001 1 4 5.5 7
1718 0.5 0.875 0.63 0.556 0.001 1 4 5.5 8
1719 0.5 0.875 0.63 0.556 0.001 1 4 5.5 7.5
1720 0.5 0.875 0.63 0.556 0.001 1 3.5 5 7
1721 0.5 0.875 0.63 0.556 0.001 1 3.5 5 8
1722 0.5 0.875 0.63 0.556 0.001 1 3.5 5 7.5
1723 0.5 0.875 0.63 0.556 0.001 1 3.5 6 7
1724 0.5 0.875 0.63 0.556 0.001 1 3.5 6 8
1725 0.5 0.875 0.63 0.556 0.001 1 3.5 6 7.5
1726 0.5 0.875 0.63 0.556 0.001 1 3.5 5.5 7
1727 0.5 0.875 0.63 0.556 0.001 1 3.5 5.5 8
1728 0.5 0.875 0.63 0.556 0.001 1 3.5 5.5 7.5
1729 0.5 0.875 0.63 0.556 0.001 2 3 5 7
1730 0.5 0.875 0.63 0.556 0.001 2 3 5 8
1731 0.5 0.875 0.63 0.556 0.001 2 3 5 7.5
1732 0.5 0.875 0.63 0.556 0.001 2 3 6 7
1733 0.5 0.875 0.63 0.556 0.001 2 3 6 8
1734 0.5 0.875 0.63 0.556 0.001 2 3 6 7.5
1735 0.5 0.875 0.63 0.556 0.001 2 3 5.5 7
1736 0.5 0.875 0.63 0.556 0.001 2 3 5.5 8
1737 0.5 0.875 0.63 0.556 0.001 2 3 5.5 7.5
1738 0.5 0.875 0.63 0.556 0.001 2 4 5 7
1739 0.5 0.875 0.63 0.556 0.001 2 4 5 8
1740 0.5 0.875 0.63 0.556 0.001 2 4 5 7.5
1741 0.5 0.875 0.63 0.556 0.001 2 4 6 7
1742 0.5 0.875 0.63 0.556 0.001 2 4 6 8
1743 0.5 0.875 0.63 0.556 0.001 2 4 6 7.5
1744 0.5 0.875 0.63 0.556 0.001 2 4 5.5 7
1745 0.5 0.875 0.63 0.556 0.001 2 4 5.5 8
1746 0.5 0.875 0.63 0.556 0.001 2 4 5.5 7.5
1747 0.5 0.875 0.63 0.556 0.001 2 3.5 5 7
1748 0.5 0.875 0.63 0.556 0.001 2 3.5 5 8
1749 0.5 0.875 0.63 0.556 0.001 2 3.5 5 7.5
1750 0.5 0.875 0.63 0.556 0.001 2 3.5 6 7
1751 0.5 0.875 0.63 0.556 0.001 2 3.5 6 8
1752 0.5 0.875 0.63 0.556 0.001 2 3.5 6 7.5
1753 0.5 0.875 0.63 0.556 0.001 2 3.5 5.5 7
1754 0.5 0.875 0.63 0.556 0.001 2 3.5 5.5 8
1755 0.5 0.875 0.63 0.556 0.001 2 3.5 5.5 7.5
1756 0.5 0.875 0.63 0.556 0.001 1.5 3 5 7
1757 0.5 0.875 0.63 0.556 0.001 1.5 3 5 8
1758 0.5 0.875 0.63 0.556 0.001 1.5 3 5 7.5
1759 0.5 0.875 0.63 0.556 0.001 1.5 3 6 7
1760 0.5 0.875 0.63 0.556 0.001 1.5 3 6 8
1761 0.5 0.875 0.63 0.556 0.001 1.5 3 6 7.5
1762 0.5 0.875 0.63 0.556 0.001 1.5 3 5.5 7
1763 0.5 0.875 0.63 0.556 0.001 1.5 3 5.5 8
1764 0.5 0.875 0.63 0.556 0.001 1.5 3 5.5 7.5
1765 0.5 0.875 0.63 0.556 0.001 1.5 4 5 7
1766 0.5 0.875 0.63 0.556 0.001 1.5 4 5 8
1767 0.5 0.875 0.63 0.556 0.001 1.5 4 5 7.5
1768 0.5 0.875 0.63 0.556 0.001 1.5 4 6 7
1769 0.5 0.875 0.63 0.556 0.001 1.5 4 6 8
1770 0.5 0.875 0.63 0.556 0.001 1.5 4 6 7.5
1771 0.5 0.875 0.63 0.556 0.001 1.5 4 5.5 7
1772 0.5 0.875 0.63 0.556 0.001 1.5 4 5.5 8
1773 0.5 0.875 0.63 0.556 0.001 1.5 4 5.5 7.5
1774 0.5 0.875 0.63 0.556 0.001 1.5 3.5 5 7
1775 0.5 0.875 0.63 0.556 0.001 1.5 3.5 5 8
1776 0.5 0.875 0.63 0.556 0.001 1.5 3.5 5 7.5
1777 0.5 0.875 0.63 0.556 0.001 1.5 3.5 6 7
1778 0.5 0.875 0.63 0.556 0.001 1.5 3.5 6 8
1779 0.5 0.875 0.63 0.556 0.001 1.5 3.5 6 7.5
1780 0.5 0.875 0.63 0.556 0.001 1.5 3.5 5.5 7
1781 0.5 0.875 0.63 0.556 0.001 1.5 3.5 5.5 8
1782 0.5 0.875 0.63 0.556 0.001 1.5 3.5 5.5 7.5
1783 0.5 0.875 0.63 0.556 0 1 3 5 7
1784 0.5 0.875 0.63 0.556 0 1 3 5 8
1785 0.5 0.875 0.63 0.556 0 1 3 5 7.5
1786 0.5 0.875 0.63 0.556 0 1 3 6 7
1787 0.5 0.875 0.63 0.556 0 1 3 6 8
1788 0.5 0.875 0.63 0.556 0 1 3 6 7.5
1789 0.5 0.875 0.63 0.556 0 1 3 5.5 7
1790 0.5 0.875 0.63 0.556 0 1 3 5.5 8
1791 0.5 0.875 0.63 0.556 0 1 3 5.5 7.5
1792 0.5 0.875 0.63 0.556 0 1 4 5 7
1793 0.5 0.875 0.63 0.556 0 1 4 5 8
1794 0.5 0.875 0.63 0.556 0 1 4 5 7.5
1795 0.5 0.875 0.63 0.556 0 1 4 6 7
1796 0.5 0.875 0.63 0.556 0 1 4 6 8
1797 0.5 0.875 0.63 0.556 0 1 4 6 7.5
1798 0.5 0.875 0.63 0.556 0 1 4 5.5 7
1799 0.5 0.875 0.63 0.556 0 1 4 5.5 8
1800 0.5 0.875 0.63 0.556 0 1 4 5.5 7.5
1801 0.5 0.875 0.63 0.556 0 1 3.5 5 7
1802 0.5 0.875 0.63 0.556 0 1 3.5 5 8
1803 0.5 0.875 0.63 0.556 0 1 3.5 5 7.5
1804 0.5 0.875 0.63 0.556 0 1 3.5 6 7
1805 0.5 0.875 0.63 0.556 0 1 3.5 6 8
1806 0.5 0.875 0.63 0.556 0 1 3.5 6 7.5
1807 0.5 0.875 0.63 0.556 0 1 3.5 5.5 7
1808 0.5 0.875 0.63 0.556 0 1 3.5 5.5 8
1809 0.5 0.875 0.63 0.556 0 1 3.5 5.5 7.5
1810 0.5 0.875 0.63 0.556 0 2 3 5 7
1811 0.5 0.875 0.63 0.556 0 2 3 5 8
1812 0.5 0.875 0.63 0.556 0 2 3 5 7.5
1813 0.5 0.875 0.63 0.556 0 2 3 6 7
1814 0.5 0.875 0.63 0.556 0 2 3 6 8
1815 0.5 0.875 0.63 0.556 0 2 3 6 7.5
1816 0.5 0.875 0.63 0.556 0 2 3 5.5 7
1817 0.5 0.875 0.63 0.556 0 2 3 5.5 8
1818 0.5 0.875 0.63 0.556 0 2 3 5.5 7.5
1819 0.5 0.875 0.63 0.556 0 2 4 5 7
1820 0.5 0.875 0.63 0.556 0 2 4 5 8
1821 0.5 0.875 0.63 0.556 0 2 4 5 7.5
1822 0.5 0.875 0.63 0.556 0 2 4 6 7
1823 0.5 0.875 0.63 0.556 0 2 4 6 8
1824 0.5 0.875 0.63 0.556 0 2 4 6 7.5
1825 0.5 0.875 0.63 0.556 0 2 4 5.5 7
1826 0.5 0.875 0.63 0.556 0 2 4 5.5 8
1827 0.5 0.875 0.63 0.556 0 2 4 5.5 7.5
1828 0.5 0.875 0.63 0.556 0 2 3.5 5 7
1829 0.5 0.875 0.63 0.556 0 2 3.5 5 8
1830 0.5 0.875 0.63 0.556 0 2 3.5 5 7.5
1831 0.5 0.875 0.63 0.556 0 2 3.5 6 7
1832 0.5 0.875 0.63 0.556 0 2 3.5 6 8
1833 0.5 0.875 0.63 0.556 0 2 3.5 6 7.5
1834 0.5 0.875 0.63 0.556 0 2 3.5 5.5 7
1835 0.5 0.875 0.63 0.556 0 2 3.5 5.5 8
1836 0.5 0.875 0.63 0.556 0 2 3.5 5.5 7.5
1837 0.5 0.875 0.63 0.556 0 1.5 3 5 7
1838 0.5 0.875 0.63 0.556 0 1.5 3 5 8
1839 0.5 0.875 0.63 0.556 0 1.5 3 5 7.5
1840 0.5 0.875 0.63 0.556 0 1.5 3 6 7
1841 0.5 0.875 0.63 0.556 0 1.5 3 6 8
1842 0.5 0.875 0.63 0.556 0 1.5 3 6 7.5
1843 0.5 0.875 0.63 0.556 0 1.5 3 5.5 7
1844 0.5 0.875 0.63 0.556 0 1.5 3 5.5 8
1845 0.5 0.875 0.63 0.556 0 1.5 3 5.5 7.5
1846 0.5 0.875 0.63 0.556 0 1.5 4 5 7
1847 0.5 0.875 0.63 0.556 0 1.5 4 5 8
1848 0.5 0.875 0.63 0.556 0 1.5 4 5 7.5
1849 0.5 0.875 0.63 0.556 0 1.5 4 6 7
1850 0.5 0.875 0.63 0.556 0 1.5 4 6 8
1851 0.5 0.875 0.63 0.556 0 1.5 4 6 7.5
1852 0.5 0.875 0.63 0.556 0 1.5 4 5.5 7
1853 0.5 0.875 0.63 0.556 0 1.5 4 5.5 8
1854 0.5 0.875 0.63 0.556 0 1.5 4 5.5 7.5
1855 0.5 0.875 0.63 0.556 0 1.5 3.5 5 7
1856 0.5 0.875 0.63 0.556 0 1.5 3.5 5 8
1857 0.5 0.875 0.63 0.556 0 1.5 3.5 5 7.5
1858 0.5 0.875 0.63 0.556 0 1.5 3.5 6 7
1859 0.5 0.875 0.63 0.556 0 1.5 3.5 6 8
1860 0.5 0.875 0.63 0.556 0 1.5 3.5 6 7.5
1861 0.5 0.875 0.63 0.556 0 1.5 3.5 5.5 7
1862 0.5 0.875 0.63 0.556 0 1.5 3.5 5.5 8
1863 0.5 0.875 0.63 0.556 0 1.5 3.5 5.5 7.5
1864 0.5 0.875 0.63 0.556 5e-04 1 3 5 7
1865 0.5 0.875 0.63 0.556 5e-04 1 3 5 8
1866 0.5 0.875 0.63 0.556 5e-04 1 3 5 7.5
1867 0.5 0.875 0.63 0.556 5e-04 1 3 6 7
1868 0.5 0.875 0.63 0.556 5e-04 1 3 6 8
1869 0.5 0.875 0.63 0.556 5e-04 1 3 6 7.5
1870 0.5 0.875 0.63 0.556 5e-04 1 3 5.5 7
1871 0.5 0.875 0.63 0.556 5e-04 1 3 5.5 8
1872 0.5 0.875 0.63 0.556 5e-04 1 3 5.5 7.5
1873 0.5 0.875 0.63 0.556 5e-04 1 4 5 7
1874 0.5 0.875 0.63 0.556 5e-04 1 4 5 8
1875 0.5 0.875 0.63 0.556 5e-04 1 4 5 7.5
1876 0.5 0.875 0.63 0.556 5e-04 1 4 6 7
1877 0.5 0.875 0.63 0.556 5e-04 1 4 6 8
1878 0.5 0.875 0.63 0.556 5e-04 1 4 6 7.5
1879 0.5 0.875 0.63 0.556 5e-04 1 4 5.5 7
1880 0.5 0.875 0.63 0.556 5e-04 1 4 5.5 8
1881 0.5 0.875 0.63 0.556 5e-04 1 4 5.5 7.5
1882 0.5 0.875 0.63 0.556 5e-04 1 3.5 5 7
1883 0.5 0.875 0.63 0.556 5e-04 1 3.5 5 8
1884 0.5 0.875 0.63 0.556 5e-04 1 3.5 5 7.5
1885 0.5 0.875 0.63 0.556 5e-04 1 3.5 6 7
1886 0.5 0.875 0.63 0.556 5e-04 1 3.5 6 8
1887 0.5 0.875 0.63 0.556 5e-04 1 3.5 6 7.5
1888 0.5 0.875 0.63 0.556 5e-04 1 3.5 5.5 7
1889 0.5 0.875 0.63 0.556 5e-04 1 3.5 5.5 8
1890 0.5 0.875 0.63 0.556 5e-04 1 3.5 5.5 7.5
1891 0.5 0.875 0.63 0.556 5e-04 2 3 5 7
1892 0.5 0.875 0.63 0.556 5e-04 2 3 5 8
1893 0.5 0.875 0.63 0.556 5e-04 2 3 5 7.5
1894 0.5 0.875 0.63 0.556 5e-04 2 3 6 7
1895 0.5 0.875 0.63 0.556 5e-04 2 3 6 8
1896 0.5 0.875 0.63 0.556 5e-04 2 3 6 7.5
1897 0.5 0.875 0.63 0.556 5e-04 2 3 5.5 7
1898 0.5 0.875 0.63 0.556 5e-04 2 3 5.5 8
1899 0.5 0.875 0.63 0.556 5e-04 2 3 5.5 7.5
1900 0.5 0.875 0.63 0.556 5e-04 2 4 5 7
1901 0.5 0.875 0.63 0.556 5e-04 2 4 5 8
1902 0.5 0.875 0.63 0.556 5e-04 2 4 5 7.5
1903 0.5 0.875 0.63 0.556 5e-04 2 4 6 7
1904 0.5 0.875 0.63 0.556 5e-04 2 4 6 8
1905 0.5 0.875 0.63 0.556 5e-04 2 4 6 7.5
1906 0.5 0.875 0.63 0.556 5e-04 2 4 5.5 7
1907 0.5 0.875 0.63 0.556 5e-04 2 4 5.5 8
1908 0.5 0.875 0.63 0.556 5e-04 2 4 5.5 7.5
1909 0.5 0.875 0.63 0.556 5e-04 2 3.5 5 7
1910 0.5 0.875 0.63 0.556 5e-04 2 3.5 5 8
1911 0.5 0.875 0.63 0.556 5e-04 2 3.5 5 7.5
1912 0.5 0.875 0.63 0.556 5e-04 2 3.5 6 7
1913 0.5 0.875 0.63 0.556 5e-04 2 3.5 6 8
1914 0.5 0.875 0.63 0.556 5e-04 2 3.5 6 7.5
1915 0.5 0.875 0.63 0.556 5e-04 2 3.5 5.5 7
1916 0.5 0.875 0.63 0.556 5e-04 2 3.5 5.5 8
1917 0.5 0.875 0.63 0.556 5e-04 2 3.5 5.5 7.5
1918 0.5 0.875 0.63 0.556 5e-04 1.5 3 5 7
1919 0.5 0.875 0.63 0.556 5e-04 1.5 3 5 8
1920 0.5 0.875 0.63 0.556 5e-04 1.5 3 5 7.5
1921 0.5 0.875 0.63 0.556 5e-04 1.5 3 6 7
1922 0.5 0.875 0.63 0.556 5e-04 1.5 3 6 8
1923 0.5 0.875 0.63 0.556 5e-04 1.5 3 6 7.5
1924 0.5 0.875 0.63 0.556 5e-04 1.5 3 5.5 7
1925 0.5 0.875 0.63 0.556 5e-04 1.5 3 5.5 8
1926 0.5 0.875 0.63 0.556 5e-04 1.5 3 5.5 7.5
1927 0.5 0.875 0.63 0.556 5e-04 1.5 4 5 7
1928 0.5 0.875 0.63 0.556 5e-04 1.5 4 5 8
1929 0.5 0.875 0.63 0.556 5e-04 1.5 4 5 7.5
1930 0.5 0.875 0.63 0.556 5e-04 1.5 4 6 7
1931 0.5 0.875 0.63 0.556 5e-04 1.5 4 6 8
1932 0.5 0.875 0.63 0.556 5e-04 1.5 4 6 7.5
1933 0.5 0.875 0.63 0.556 5e-04 1.5 4 5.5 7
1934 0.5 0.875 0.63 0.556 5e-04 1.5 4 5.5 8
1935 0.5 0.875 0.63 0.556 5e-04 1.5 4 5.5 7.5
1936 0.5 0.875 0.63 0.556 5e-04 1.5 3.5 5 7
1937 0.5 0.875 0.63 0.556 5e-04 1.5 3.5 5 8
1938 0.5 0.875 0.63 0.556 5e-04 1.5 3.5 5 7.5
1939 0.5 0.875 0.63 0.556 5e-04 1.5 3.5 6 7
1940 0.5 0.875 0.63 0.556 5e-04 1.5 3.5 6 8
1941 0.5 0.875 0.63 0.556 5e-04 1.5 3.5 6 7.5
1942 0.5 0.875 0.63 0.556 5e-04 1.5 3.5 5.5 7
1943 0.5 0.875 0.63 0.556 5e-04 1.5 3.5 5.5 8
1944 0.5 0.875 0.63 0.556 5e-04 1.5 3.5 5.5 7.5
1945 0.5 0.875 0.63 0.4075 0.001 1 3 5 7
1946 0.5 0.875 0.63 0.4075 0.001 1 3 5 8
1947 0.5 0.875 0.63 0.4075 0.001 1 3 5 7.5
1948 0.5 0.875 0.63 0.4075 0.001 1 3 6 7
1949 0.5 0.875 0.63 0.4075 0.001 1 3 6 8
1950 0.5 0.875 0.63 0.4075 0.001 1 3 6 7.5
1951 0.5 0.875 0.63 0.4075 0.001 1 3 5.5 7
1952 0.5 0.875 0.63 0.4075 0.001 1 3 5.5 8
1953 0.5 0.875 0.63 0.4075 0.001 1 3 5.5 7.5
1954 0.5 0.875 0.63 0.4075 0.001 1 4 5 7
1955 0.5 0.875 0.63 0.4075 0.001 1 4 5 8
1956 0.5 0.875 0.63 0.4075 0.001 1 4 5 7.5
1957 0.5 0.875 0.63 0.4075 0.001 1 4 6 7
1958 0.5 0.875 0.63 0.4075 0.001 1 4 6 8
1959 0.5 0.875 0.63 0.4075 0.001 1 4 6 7.5
1960 0.5 0.875 0.63 0.4075 0.001 1 4 5.5 7
1961 0.5 0.875 0.63 0.4075 0.001 1 4 5.5 8
1962 0.5 0.875 0.63 0.4075 0.001 1 4 5.5 7.5
1963 0.5 0.875 0.63 0.4075 0.001 1 3.5 5 7
1964 0.5 0.875 0.63 0.4075 0.001 1 3.5 5 8
1965 0.5 0.875 0.63 0.4075 0.001 1 3.5 5 7.5
1966 0.5 0.875 0.63 0.4075 0.001 1 3.5 6 7
1967 0.5 0.875 0.63 0.4075 0.001 1 3.5 6 8
1968 0.5 0.875 0.63 0.4075 0.001 1 3.5 6 7.5
1969 0.5 0.875 0.63 0.4075 0.001 1 3.5 5.5 7
1970 0.5 0.875 0.63 0.4075 0.001 1 3.5 5.5 8
1971 0.5 0.875 0.63 0.4075 0.001 1 3.5 5.5 7.5
1972 0.5 0.875 0.63 0.4075 0.001 2 3 5 7
1973 0.5 0.875 0.63 0.4075 0.001 2 3 5 8
1974 0.5 0.875 0.63 0.4075 0.001 2 3 5 7.5
1975 0.5 0.875 0.63 0.4075 0.001 2 3 6 7
1976 0.5 0.875 0.63 0.4075 0.001 2 3 6 8
1977 0.5 0.875 0.63 0.4075 0.001 2 3 6 7.5
1978 0.5 0.875 0.63 0.4075 0.001 2 3 5.5 7
1979 0.5 0.875 0.63 0.4075 0.001 2 3 5.5 8
1980 0.5 0.875 0.63 0.4075 0.001 2 3 5.5 7.5
1981 0.5 0.875 0.63 0.4075 0.001 2 4 5 7
1982 0.5 0.875 0.63 0.4075 0.001 2 4 5 8
1983 0.5 0.875 0.63 0.4075 0.001 2 4 5 7.5
1984 0.5 0.875 0.63 0.4075 0.001 2 4 6 7
1985 0.5 0.875 0.63 0.4075 0.001 2 4 6 8
1986 0.5 0.875 0.63 0.4075 0.001 2 4 6 7.5
1987 0.5 0.875 0.63 0.4075 0.001 2 4 5.5 7
1988 0.5 0.875 0.63 0.4075 0.001 2 4 5.5 8
1989 0.5 0.875 0.63 0.4075 0.001 2 4 5.5 7.5
1990 0.5 0.875 0.63 0.4075 0.001 2 3.5 5 7
1991 0.5 0.875 0.63 0.4075 0.001 2 3.5 5 8
1992 0.5 0.875 0.63 0.4075 0.001 2 3.5 5 7.5
1993 0.5 0.875 0.63 0.4075 0.001 2 3.5 6 7
1994 0.5 0.875 0.63 0.4075 0.001 2 3.5 6 8
1995 0.5 0.875 0.63 0.4075 0.001 2 3.5 6 7.5
1996 0.5 0.875 0.63 0.4075 0.001 2 3.5 5.5 7
1997 0.5 0.875 0.63 0.4075 0.001 2 3.5 5.5 8
1998 0.5 0.875 0.63 0.4075 0.001 2 3.5 5.5 7.5
1999 0.5 0.875 0.63 0.4075 0.001 1.5 3 5 7
2000 0.5 0.875 0.63 0.4075 0.001 1.5 3 5 8
2001 0.5 0.875 0.63 0.4075 0.001 1.5 3 5 7.5
2002 0.5 0.875 0.63 0.4075 0.001 1.5 3 6 7
2003 0.5 0.875 0.63 0.4075 0.001 1.5 3 6 8
2004 0.5 0.875 0.63 0.4075 0.001 1.5 3 6 7.5
2005 0.5 0.875 0.63 0.4075 0.001 1.5 3 5.5 7
2006 0.5 0.875 0.63 0.4075 0.001 1.5 3 5.5 8
2007 0.5 0.875 0.63 0.4075 0.001 1.5 3 5.5 7.5
2008 0.5 0.875 0.63 0.4075 0.001 1.5 4 5 7
2009 0.5 0.875 0.63 0.4075 0.001 1.5 4 5 8
2010 0.5 0.875 0.63 0.4075 0.001 1.5 4 5 7.5
2011 0.5 0.875 0.63 0.4075 0.001 1.5 4 6 7
2012 0.5 0.875 0.63 0.4075 0.001 1.5 4 6 8
2013 0.5 0.875 0.63 0.4075 0.001 1.5 4 6 7.5
2014 0.5 0.875 0.63 0.4075 0.001 1.5 4 5.5 7
2015 0.5 0.875 0.63 0.4075 0.001 1.5 4 5.5 8
2016 0.5 0.875 0.63 0.4075 0.001 1.5 4 5.5 7.5
2017 0.5 0.875 0.63 0.4075 0.001 1.5 3.5 5 7
2018 0.5 0.875 0.63 0.4075 0.001 1.5 3.5 5 8
2019 0.5 0.875 0.63 0.4075 0.001 1.5 3.5 5 7.5
2020 0.5 0.875 0.63 0.4075 0.001 1.5 3.5 6 7
2021 0.5 0.875 0.63 0.4075 0.001 1.5 3.5 6 8
2022 0.5 0.875 0.63 0.4075 0.001 1.5 3.5 6 7.5
2023 0.5 0.875 0.63 0.4075 0.001 1.5 3.5 5.5 7
2024 0.5 0.875 0.63 0.4075 0.001 1.5 3.5 5.5 8
2025 0.5 0.875 0.63 0.4075 0.001 1.5 3.5 5.5 7.5
2026 0.5 0.875 0.63 0.4075 0 1 3 5 7
2027 0.5 0.875 0.63 0.4075 0 1 3 5 8
2028 0.5 0.875 0.63 0.4075 0 1 3 5 7.5
2029 0.5 0.875 0.63 0.4075 0 1 3 6 7
2030 0.5 0.875 0.63 0.4075 0 1 3 6 8
2031 0.5 0.875 0.63 0.4075 0 1 3 6 7.5
2032 0.5 0.875 0.63 0.4075 0 1 3 5.5 7
2033 0.5 0.875 0.63 0.4075 0 1 3 5.5 8
2034 0.5 0.875 0.63 0.4075 0 1 3 5.5 7.5
2035 0.5 0.875 0.63 0.4075 0 1 4 5 7
2036 0.5 0.875 0.63 0.4075 0 1 4 5 8
2037 0.5 0.875 0.63 0.4075 0 1 4 5 7.5
2038 0.5 0.875 0.63 0.4075 0 1 4 6 7
2039 0.5 0.875 0.63 0.4075 0 1 4 6 8
2040 0.5 0.875 0.63 0.4075 0 1 4 6 7.5
2041 0.5 0.875 0.63 0.4075 0 1 4 5.5 7
2042 0.5 0.875 0.63 0.4075 0 1 4 5.5 8
2043 0.5 0.875 0.63 0.4075 0 1 4 5.5 7.5
2044 0.5 0.875 0.63 0.4075 0 1 3.5 5 7
2045 0.5 0.875 0.63 0.4075 0 1 3.5 5 8
2046 0.5 0.875 0.63 0.4075 0 1 3.5 5 7.5
2047 0.5 0.875 0.63 0.4075 0 1 3.5 6 7
2048 0.5 0.875 0.63 0.4075 0 1 3.5 6 8
2049 0.5 0.875 0.63 0.4075 0 1 3.5 6 7.5
2050 0.5 0.875 0.63 0.4075 0 1 3.5 5.5 7
2051 0.5 0.875 0.63 0.4075 0 1 3.5 5.5 8
2052 0.5 0.875 0.63 0.4075 0 1 3.5 5.5 7.5
2053 0.5 0.875 0.63 0.4075 0 2 3 5 7
2054 0.5 0.875 0.63 0.4075 0 2 3 5 8
2055 0.5 0.875 0.63 0.4075 0 2 3 5 7.5
2056 0.5 0.875 0.63 0.4075 0 2 3 6 7
2057 0.5 0.875 0.63 0.4075 0 2 3 6 8
2058 0.5 0.875 0.63 0.4075 0 2 3 6 7.5
2059 0.5 0.875 0.63 0.4075 0 2 3 5.5 7
2060 0.5 0.875 0.63 0.4075 0 2 3 5.5 8
2061 0.5 0.875 0.63 0.4075 0 2 3 5.5 7.5
2062 0.5 0.875 0.63 0.4075 0 2 4 5 7
2063 0.5 0.875 0.63 0.4075 0 2 4 5 8
2064 0.5 0.875 0.63 0.4075 0 2 4 5 7.5
2065 0.5 0.875 0.63 0.4075 0 2 4 6 7
2066 0.5 0.875 0.63 0.4075 0 2 4 6 8
2067 0.5 0.875 0.63 0.4075 0 2 4 6 7.5
2068 0.5 0.875 0.63 0.4075 0 2 4 5.5 7
2069 0.5 0.875 0.63 0.4075 0 2 4 5.5 8
2070 0.5 0.875 0.63 0.4075 0 2 4 5.5 7.5
2071 0.5 0.875 0.63 0.4075 0 2 3.5 5 7
2072 0.5 0.875 0.63 0.4075 0 2 3.5 5 8
2073 0.5 0.875 0.63 0.4075 0 2 3.5 5 7.5
2074 0.5 0.875 0.63 0.4075 0 2 3.5 6 7
2075 0.5 0.875 0.63 0.4075 0 2 3.5 6 8
2076 0.5 0.875 0.63 0.4075 0 2 3.5 6 7.5
2077 0.5 0.875 0.63 0.4075 0 2 3.5 5.5 7
2078 0.5 0.875 0.63 0.4075 0 2 3.5 5.5 8
2079 0.5 0.875 0.63 0.4075 0 2 3.5 5.5 7.5
2080 0.5 0.875 0.63 0.4075 0 1.5 3 5 7
2081 0.5 0.875 0.63 0.4075 0 1.5 3 5 8
2082 0.5 0.875 0.63 0.4075 0 1.5 3 5 7.5
2083 0.5 0.875 0.63 0.4075 0 1.5 3 6 7
2084 0.5 0.875 0.63 0.4075 0 1.5 3 6 8
2085 0.5 0.875 0.63 0.4075 0 1.5 3 6 7.5
2086 0.5 0.875 0.63 0.4075 0 1.5 3 5.5 7
2087 0.5 0.875 0.63 0.4075 0 1.5 3 5.5 8
2088 0.5 0.875 0.63 0.4075 0 1.5 3 5.5 7.5
2089 0.5 0.875 0.63 0.4075 0 1.5 4 5 7
2090 0.5 0.875 0.63 0.4075 0 1.5 4 5 8
2091 0.5 0.875 0.63 0.4075 0 1.5 4 5 7.5
2092 0.5 0.875 0.63 0.4075 0 1.5 4 6 7
2093 0.5 0.875 0.63 0.4075 0 1.5 4 6 8
2094 0.5 0.875 0.63 0.4075 0 1.5 4 6 7.5
2095 0.5 0.875 0.63 0.4075 0 1.5 4 5.5 7
2096 0.5 0.875 0.63 0.4075 0 1.5 4 5.5 8
2097 0.5 0.875 0.63 0.4075 0 1.5 4 5.5 7.5
2098 0.5 0.875 0.63 0.4075 0 1.5 3.5 5 7
2099 0.5 0.875 0.63 0.4075 0 1.5 3.5 5 8
2100 0.5 0.875 0.63 0.4075 0 1.5 3.5 5 7.5
2101 0.5 0.875 0.63 0.4075 0 1.5 3.5 6 7
2102 0.5 0.875 0.63 0.4075 0 1.5 3.5 6 8
2103 0.5 0.875 0.63 0.4075 0 1.5 3.5 6 7.5
2104 0.5 0.875 0.63 0.4075 0 1.5 3.5 5.5 7
2105 0.5 0.875 0.63 0.4075 0 1.5 3.5 5.5 8
2106 0.5 0.875 0.63 0.4075 0 1.5 3.5 5.5 7.5
2107 0.5 0.875 0.63 0.4075 5e-04 1 3 5 7
2108 0.5 0.875 0.63 0.4075 5e-04 1 3 5 8
2109 0.5 0.875 0.63 0.4075 5e-04 1 3 5 7.5
2110 0.5 0.875 0.63 0.4075 5e-04 1 3 6 7
2111 0.5 0.875 0.63 0.4075 5e-04 1 3 6 8
2112 0.5 0.875 0.63 0.4075 5e-04 1 3 6 7.5
2113 0.5 0.875 0.63 0.4075 5e-04 1 3 5.5 7
2114 0.5 0.875 0.63 0.4075 5e-04 1 3 5.5 8
2115 0.5 0.875 0.63 0.4075 5e-04 1 3 5.5 7.5
2116 0.5 0.875 0.63 0.4075 5e-04 1 4 5 7
2117 0.5 0.875 0.63 0.4075 5e-04 1 4 5 8
2118 0.5 0.875 0.63 0.4075 5e-04 1 4 5 7.5
2119 0.5 0.875 0.63 0.4075 5e-04 1 4 6 7
2120 0.5 0.875 0.63 0.4075 5e-04 1 4 6 8
2121 0.5 0.875 0.63 0.4075 5e-04 1 4 6 7.5
2122 0.5 0.875 0.63 0.4075 5e-04 1 4 5.5 7
2123 0.5 0.875 0.63 0.4075 5e-04 1 4 5.5 8
2124 0.5 0.875 0.63 0.4075 5e-04 1 4 5.5 7.5
2125 0.5 0.875 0.63 0.4075 5e-04 1 3.5 5 7
2126 0.5 0.875 0.63 0.4075 5e-04 1 3.5 5 8
2127 0.5 0.875 0.63 0.4075 5e-04 1 3.5 5 7.5
2128 0.5 0.875 0.63 0.4075 5e-04 1 3.5 6 7
2129 0.5 0.875 0.63 0.4075 5e-04 1 3.5 6 8
2130 0.5 0.875 0.63 0.4075 5e-04 1 3.5 6 7.5
2131 0.5 0.875 0.63 0.4075 5e-04 1 3.5 5.5 7
2132 0.5 0.875 0.63 0.4075 5e-04 1 3.5 5.5 8
2133 0.5 0.875 0.63 0.4075 5e-04 1 3.5 5.5 7.5
2134 0.5 0.875 0.63 0.4075 5e-04 2 3 5 7
2135 0.5 0.875 0.63 0.4075 5e-04 2 3 5 8
2136 0.5 0.875 0.63 0.4075 5e-04 2 3 5 7.5
2137 0.5 0.875 0.63 0.4075 5e-04 2 3 6 7
2138 0.5 0.875 0.63 0.4075 5e-04 2 3 6 8
2139 0.5 0.875 0.63 0.4075 5e-04 2 3 6 7.5
2140 0.5 0.875 0.63 0.4075 5e-04 2 3 5.5 7
2141 0.5 0.875 0.63 0.4075 5e-04 2 3 5.5 8
2142 0.5 0.875 0.63 0.4075 5e-04 2 3 5.5 7.5
2143 0.5 0.875 0.63 0.4075 5e-04 2 4 5 7
2144 0.5 0.875 0.63 0.4075 5e-04 2 4 5 8
2145 0.5 0.875 0.63 0.4075 5e-04 2 4 5 7.5
2146 0.5 0.875 0.63 0.4075 5e-04 2 4 6 7
2147 0.5 0.875 0.63 0.4075 5e-04 2 4 6 8
2148 0.5 0.875 0.63 0.4075 5e-04 2 4 6 7.5
2149 0.5 0.875 0.63 0.4075 5e-04 2 4 5.5 7
2150 0.5 0.875 0.63 0.4075 5e-04 2 4 5.5 8
2151 0.5 0.875 0.63 0.4075 5e-04 2 4 5.5 7.5
2152 0.5 0.875 0.63 0.4075 5e-04 2 3.5 5 7
2153 0.5 0.875 0.63 0.4075 5e-04 2 3.5 5 8
2154 0.5 0.875 0.63 0.4075 5e-04 2 3.5 5 7.5
2155 0.5 0.875 0.63 0.4075 5e-04 2 3.5 6 7
2156 0.5 0.875 0.63 0.4075 5e-04 2 3.5 6 8
2157 0.5 0.875 0.63 0.4075 5e-04 2 3.5 6 7.5
2158 0.5 0.875 0.63 0.4075 5e-04 2 3.5 5.5 7
2159 0.5 0.875 0.63 0.4075 5e-04 2 3.5 5.5 8
2160 0.5 0.875 0.63 0.4075 5e-04 2 3.5 5.5 7.5
2161 0.5 0.875 0.63 0.4075 5e-04 1.5 3 5 7
2162 0.5 0.875 0.63 0.4075 5e-04 1.5 3 5 8
2163 0.5 0.875 0.63 0.4075 5e-04 1.5 3 5 7.5
2164 0.5 0.875 0.63 0.4075 5e-04 1.5 3 6 7
2165 0.5 0.875 0.63 0.4075 5e-04 1.5 3 6 8
2166 0.5 0.875 0.63 0.4075 5e-04 1.5 3 6 7.5
2167 0.5 0.875 0.63 0.4075 5e-04 1.5 3 5.5 7
2168 0.5 0.875 0.63 0.4075 5e-04 1.5 3 5.5 8
2169 0.5 0.875 0.63 0.4075 5e-04 1.5 3 5.5 7.5
2170 0.5 0.875 0.63 0.4075 5e-04 1.5 4 5 7
2171 0.5 0.875 0.63 0.4075 5e-04 1.5 4 5 8
2172 0.5 0.875 0.63 0.4075 5e-04 1.5 4 5 7.5
2173 0.5 0.875 0.63 0.4075 5e-04 1.5 4 6 7
2174 0.5 0.875 0.63 0.4075 5e-04 1.5 4 6 8
2175 0.5 0.875 0.63 0.4075 5e-04 1.5 4 6 7.5
2176 0.5 0.875 0.63 0.4075 5e-04 1.5 4 5.5 7
2177 0.5 0.875 0.63 0.4075 5e-04 1.5 4 5.5 8
2178 0.5 0.875 0.63 0.4075 5e-04 1.5 4 5.5 7.5
2179 0.5 0.875 0.63 0.4075 5e-04 1.5 3.5 5 7
2180 0.5 0.875 0.63 0.4075 5e-04 1.5 3.5 5 8
2181 0.5 0.875 0.63 0.4075 5e-04 1.5 3.5 5 7.5
2182 0.5 0.875 0.63 0.4075 5e-04 1.5 3.5 6 7
2183 0.5 0.875 0.63 0.4075 5e-04 1.5 3.5 6 8
2184 0.5 0.875 0.63 0.4075 5e-04 1.5 3.5 6 7.5
2185 0.5 0.875 0.63 0.4075 5e-04 1.5 3.5 5.5 7
2186 0.5 0.875 0.63 0.4075 5e-04 1.5 3.5 5.5 8
2187 0.5 0.875 0.63 0.4075 5e-04 1.5 3.5 5.5 7.5
