 1005
 1007
 1023
 103
 1033
 1035
 1039
 1046
 1049
 105
 1055
 1060
 1070
 1073
 1074
 1076
 1078
 1083
 1085
 1086
 1090
 1096
 1105
 1112
 1115
 1125
 113
 1132
 1135
 1137
 1144
 1145
 1161
 117
 1171
 1180
 1190
 1198
 12
 1205
 1209
 1215
 1223
 1226
 1238
 1255
 1272
 1285
 1302
 1319
 132
 1336
 1346
 1352
 1367
 137
 1378
 1383
 1386
 1393
 1395
 1415
 1429
 1448
 145
 1450
 1467
 1488
 1490
 150
 1502
 1504
 1517
 1523
 1529
 1534
 1543
 1568
 1575
 1580
 1582
 1586
 1588
 1592
 1595
 160
 1600
 161
 1615
 163
 16581
 16588
 16589
 16596
 16611
 16630
 16632
 16725
 17097
 17176
 17224
 17278
 17309
 17314
 17336
 17344
 17345
 17346
 177
 181
 18903
 18904
 18905
 18921
 18974
 18993
 18994
 18995
 19018
 19019
 19020
 19021
 19022
 19144
 19162
 19172
 19187
 19188
 19204
 19206
 19211
 19260
 212
 23
 23417
 235
 236
 24102
 24125
 24937
 24939
 24940
 24942
 24943
 24945
 24946
 24947
 24948
 24996
 25046
 25049
 25054
 25061
 25062
 253
 25351
 25727
 25728
 25729
 268
 3
 30103
 30270
 30437
 30523
 30620
 30690
 307
 315
 32
 326
 332
 342
 346
 358
 370
 373
 381
 384
 386
 393
 395
 399
 40
 405
 409
 413
 421
 429
 433
 435
 44
 440
 447
 455
 456
 458
 461
 465
 471
 48
 487
 4911
 498
 513
 516
 52
 523
 526
 533
 534
 535
 54
 542
 554
 55511
 556
 55827
 562
 56214
 56286
 56424
 56471
 56472
 56962
 56963
 57063
 57199
 57247
 57250
 57254
 576
 583
 586
 587
 595
 596
 605
 607
 613
 61843
 61844
 61846
 61847
 61915
 61937
 61938
 61948
 61949
 61973
 61986
 62034
 62041
 62122
 62139
 622
 643
 651
 657
 66
 669
 67
 671
 673
 675
 676
 692
 697
 708
 709
 717
 719
 721
 723
 724
 726
 743
 744
 765
 770
 775
 779
 79
 795
 811
 825
 831
 836
 838
 842
 846
 847
 858
 861
 862
 868
 869
 876
 886
 888
 889
 9
 908
 918
 982
 987
