 721
 721
 721
 721
 721
 721
 9
 721
 9
 721
 9
 721
 9
 1023
 721
 9
 1023
 1198
 19019
 455
 721
 9
 1023
 1198
 1586
 1592
 19019
 19020
 19144
 455
 721
 9
 1023
 1198
 1586
 1592
 1615
 19019
 19020
 19144
 455
 721
 846
 9
 1023
 1198
 1586
 1592
 1615
 19019
 19020
 19144
 455
 721
 846
 9
 1023
 1198
 1586
 1592
 19018
 19019
 19020
 19021
 19144
 455
 721
 846
 9
 1023
 1198
 1586
 1592
 19018
 19019
 19020
 19021
 19144
 455
 721
 846
 9
 1023
 1198
 1586
 1592
 19018
 19020
 19021
 19144
 455
 535
 554
 721
 744
 846
 9
 1023
 1198
 1586
 1592
 19019
 19020
 19144
 455
 721
 744
 846
 9
 1023
 1198
 1586
 1592
 19018
 19019
 19020
 19021
 19144
 455
 721
 744
 838
 846
 9
 1023
 1198
 1586
 1592
 19018
 19019
 19020
 19021
 19144
 455
 721
 744
 838
 846
 9
 1023
 1198
 1586
 1592
 1600
 163
 19018
 19019
 19020
 19021
 19144
 455
 721
 744
 838
 846
 9
 1023
 1198
 1450
 1575
 1586
 1595
 1600
 163
 19018
 19019
 19020
 19021
 19144
 455
 471
 535
 554
 721
 744
 838
 846
 9
 1023
 1198
 1450
 1575
 1586
 1595
 1600
 163
 19018
 19019
 19020
 19021
 19144
 455
 471
 535
 554
 721
 744
 836
 838
 846
 9
 1023
 1198
 1450
 1575
 1586
 1595
 1600
 163
 19018
 19019
 19020
 19021
 19144
 455
 471
 535
 554
 721
 744
 836
 838
 846
 9
 918
 1023
 1198
 1450
 1575
 1586
 1595
 1600
 163
 19018
 19019
 19020
 19144
 455
 471
 535
 554
 721
 744
 825
 836
 838
 846
 9
 918
 1023
 1198
 1450
 1575
 1586
 1600
 163
 19018
 19019
 19020
 19144
 465
 471
 535
 554
 721
 744
 825
 836
 838
 846
 9
 918
 1023
 1198
 1450
 1575
 1586
 1600
 163
 181
 19018
 19019
 19020
 19144
 465
 471
 535
 554
 721
 744
 825
 838
 846
 9
 918
 1023
 1198
 1450
 1575
 1586
 1600
 163
 181
 19018
 19019
 19020
 19144
 465
 471
 535
 554
 721
 744
 825
 838
 846
 9
 918
 1005
 1023
 1198
 1450
 1575
 1586
 1600
 163
 181
 19019
 19022
 19144
 465
 471
 535
 554
 721
 744
 825
 838
 846
 9
 918
 1005
 1023
 1198
 1450
 1575
 1586
 163
 181
 19144
 465
 471
 535
 554
 721
 744
 825
 838
 846
 9
 918
 1005
 1023
 1086
 1198
 1450
 1575
 1586
 163
 181
 19144
 465
 471
 535
 554
 721
 744
 825
 838
 846
 9
 918
 1005
 1023
 1086
 1198
 1450
 1575
 1586
 163
 16632
 181
 19144
 447
 465
 471
 535
 554
 721
 744
 825
 838
 846
 9
 918
 1005
 1023
 1086
 1198
 1450
 1575
 163
 16632
 181
 19144
 447
 465
 471
 535
 554
 721
 744
 825
 838
 846
 9
 918
 1005
 1023
 1086
 1198
 1450
 1575
 163
 16630
 16632
 181
 19144
 435
 447
 465
 471
 535
 554
 721
 724
 744
 825
 838
 846
 9
 918
 1005
 1023
 1096
 1198
 1395
 1450
 1575
 163
 16630
 16632
 17278
 181
 19144
 236
 433
 435
 447
 465
 471
 535
 554
 724
 744
 825
 838
 846
 9
 918
 1005
 1023
 1096
 1105
 1198
 1395
 1450
 1575
 163
 16630
 16632
 17278
 181
 19144
 236
 433
 435
 447
 471
 535
 54
 562
 724
 744
 825
 838
 846
 9
 918
 1005
 1023
 1096
 1105
 113
 1198
 1395
 1450
 1575
 163
 16630
 17278
 181
 19144
 236
 433
 435
 447
 535
 54
 554
 562
 724
 744
 825
 838
 846
 9
 918
 1005
 1023
 1096
 1105
 113
 1198
 1205
 1395
 1450
 1575
 163
 16630
 17278
 181
 19144
 236
 433
 435
 447
 471
 535
 54
 554
 562
 724
 744
 825
 838
 846
 9
 918
 1005
 1023
 1096
 1105
 113
 1198
 1205
 1395
 1450
 1575
 163
 16630
 181
 19144
 236
 433
 435
 447
 471
 535
 54
 554
 562
 724
 744
 825
 838
 846
 9
 918
 1005
 1023
 1096
 1105
 113
 1198
 1205
 1395
 1450
 1575
 163
 16630
 181
 19144
 236
 433
 435
 447
 471
 535
 54
 554
 562
 724
 744
 825
 838
 846
 9
 918
 1005
 1023
 1096
 1105
 113
 1198
 1205
 1395
 1450
 1575
 163
 16630
 181
 19144
 236
 433
 435
 447
 471
 535
 54
 554
 562
 673
 724
 744
 825
 838
 846
 9
 918
 1005
 1023
 1096
 1105
 113
 1198
 1205
 1395
 1450
 1575
 163
 16630
 181
 19144
 236
 433
 435
 471
 535
 54
 554
 562
 673
 724
 744
 825
 838
 846
 9
 918
 1005
 1023
 1096
 1105
 113
 1198
 1205
 1395
 1450
 1575
 163
 16630
 181
 19144
 236
 433
 435
 447
 471
 535
 54
 554
 562
 673
 724
 744
 825
 838
 846
 9
 918
 1005
 1023
 1096
 1105
 113
 1198
 1205
 1395
 1450
 1575
 163
 16630
 181
 19144
 236
 433
 435
 447
 471
 535
 54
 554
 562
 673
 724
 744
 825
 838
 846
 9
 918
 1005
 1023
 1096
 1105
 113
 1198
 1205
 1395
 1450
 1575
 163
 16630
 181
 19144
 236
 332
 433
 435
 447
 471
 535
 54
 554
 562
 673
 724
 744
 825
 838
 846
 9
 918
 987
 1005
 1023
 1096
 1105
 113
 1198
 1205
 1395
 1450
 150
 1575
 163
 16630
 177
 181
 19144
 236
 332
 433
 435
 447
 471
 535
 54
 554
 562
 67
 673
 724
 744
 779
 825
 838
 846
 9
 918
 987
 1005
 1023
 1039
 105
 1096
 1105
 113
 1198
 1205
 1285
 1395
 1450
 150
 1568
 1575
 163
 16630
 177
 181
 19144
 332
 370
 395
 433
 435
 44
 447
 461
 471
 535
 54
 554
 562
 657
 67
 673
 726
 744
 779
 825
 838
 846
 9
 918
 987
 1005
 1023
 1039
 105
 1096
 1105
 113
 1198
 1205
 1285
 1395
 1450
 150
 1568
 1575
 163
 16630
 177
 181
 19144
 212
 268
 332
 370
 395
 433
 435
 44
 447
 461
 471
 535
 54
 554
 562
 657
 67
 673
 726
 744
 779
 825
 838
 846
 9
 918
 987
 1005
 1023
 1039
 105
 1096
 1105
 113
 1171
 1198
 1205
 1285
 1395
 1415
 1450
 150
 1568
 1575
 163
 16630
 177
 181
 18904
 19144
 212
 268
 332
 370
 395
 433
 435
 44
 447
 461
 471
 535
 54
 554
 562
 595
 657
 67
 673
 726
 744
 779
 825
 838
 846
 9
 918
 987
 1005
 1023
 1039
 105
 1096
 1105
 113
 1171
 1198
 1205
 1285
 1395
 1415
 1450
 150
 1568
 1575
 163
 16630
 17345
 17346
 177
 181
 18904
 18905
 18993
 18994
 18995
 19144
 212
 268
 332
 370
 395
 433
 435
 44
 447
 461
 471
 523
 535
 54
 554
 587
 595
 657
 67
 673
 697
 726
 744
 779
 825
 838
 846
 9
 918
 987
 1023
 1033
 1039
 105
 1083
 1105
 113
 1144
 1161
 1171
 1190
 1198
 1205
 1285
 1395
 1415
 1450
 1467
 150
 1568
 1575
 163
 16630
 17345
 17346
 177
 181
 18904
 18905
 18993
 18994
 18995
 19144
 19162
 212
 268
 332
 370
 395
 433
 435
 44
 447
 461
 471
 523
 535
 54
 554
 587
 595
 657
 669
 67
 692
 697
 726
 744
 779
 79
 825
 838
 846
 861
 9
 918
 987
 1023
 1033
 1039
 105
 1083
 1105
 113
 1144
 1161
 1190
 1198
 1205
 1285
 1395
 1415
 1450
 1467
 1490
 1568
 1575
 1582
 163
 16630
 17345
 17346
 177
 181
 18904
 18905
 18921
 18993
 18994
 18995
 19144
 19162
 212
 24937
 24939
 24940
 24942
 24947
 24948
 268
 332
 370
 395
 433
 435
 44
 447
 461
 471
 523
 526
 535
 54
 554
 587
 595
 669
 67
 692
 697
 726
 744
 779
 79
 825
 838
 846
 861
 9
 918
 1023
 1033
 1039
 105
 1083
 1105
 1125
 113
 1144
 1161
 1190
 1198
 1205
 1285
 1395
 1415
 1450
 1467
 1490
 1568
 1575
 163
 16630
 17345
 17346
 177
 181
 18904
 18905
 18921
 18993
 18994
 18995
 19144
 19162
 212
 24937
 24939
 24940
 24942
 24945
 24947
 24948
 25046
 25049
 25054
 25062
 268
 326
 332
 370
 395
 433
 435
 44
 447
 461
 471
 48
 523
 526
 535
 54
 554
 587
 595
 669
 67
 673
 692
 717
 726
 744
 779
 79
 825
 831
 838
 846
 861
 9
 918
 1023
 1033
 1039
 105
 1083
 1105
 1125
 113
 1144
 1161
 1190
 1198
 1205
 1285
 1352
 1395
 1415
 1450
 1467
 1490
 1568
 1575
 163
 16630
 17346
 177
 181
 18904
 18905
 18921
 18974
 18993
 18994
 18995
 19144
 19162
 212
 24125
 24937
 24939
 24940
 24942
 24943
 24945
 24947
 24948
 25046
 25049
 25054
 25061
 25062
 25351
 25727
 25728
 25729
 268
 307
 326
 332
 370
 395
 433
 435
 44
 447
 456
 458
 461
 471
 48
 523
 526
 535
 54
 554
 556
 587
 595
 669
 67
 673
 675
 692
 717
 719
 726
 744
 765
 770
 775
 779
 79
 825
 838
 846
 861
 862
 9
 918
 1007
 1023
 1033
 105
 1083
 1105
 1125
 113
 1144
 1145
 1161
 1190
 1198
 1205
 1285
 1352
 1395
 1415
 1450
 1467
 1490
 1534
 1568
 1575
 163
 16630
 17314
 17346
 177
 181
 18904
 18905
 18921
 18974
 18993
 18994
 18995
 19144
 19162
 19172
 19206
 19260
 212
 23
 24102
 24125
 24937
 24939
 24940
 24942
 24943
 24945
 24946
 24947
 24948
 25046
 25054
 25061
 25062
 25351
 25727
 25728
 268
 30103
 30437
 307
 315
 326
 332
 370
 395
 40
 429
 433
 435
 44
 440
 456
 458
 461
 471
 48
 513
 523
 526
 533
 534
 535
 54
 554
 556
 583
 586
 587
 595
 643
 669
 67
 673
 675
 676
 692
 717
 719
 726
 744
 765
 775
 779
 79
 811
 825
 831
 838
 846
 847
 861
 862
 9
 918
 1007
 1023
 1033
 105
 1060
 1083
 1105
 1115
 1125
 113
 1144
 1145
 1161
 1190
 1198
 1205
 1285
 1352
 1393
 1395
 1415
 1450
 1467
 1490
 1568
 1575
 163
 17314
 17346
 177
 181
 18904
 18905
 18921
 18974
 18993
 18994
 18995
 19144
 19162
 19172
 19206
 19260
 212
 23
 24102
 24125
 24939
 24940
 24942
 24943
 24945
 24947
 24948
 25046
 25054
 25062
 25351
 25727
 268
 30437
 30620
 315
 326
 332
 370
 384
 395
 429
 435
 44
 440
 456
 458
 461
 471
 48
 523
 526
 533
 534
 535
 54
 554
 556
 583
 586
 587
 595
 643
 669
 67
 673
 676
 692
 717
 719
 726
 744
 765
 775
 779
 79
 811
 838
 846
 861
 862
 9
 918
 1007
 1023
 1033
 105
 1083
 1125
 113
 1135
 1144
 1145
 1161
 1190
 1198
 1205
 1285
 1302
 132
 1352
 1395
 1415
 1450
 1467
 1490
 1529
 1534
 1568
 1575
 163
 17314
 17346
 177
 181
 18904
 18905
 18921
 18974
 18993
 18995
 19144
 19206
 19260
 212
 23
 235
 24102
 24125
 24940
 24942
 24948
 25046
 25054
 25062
 25351
 25727
 268
 30437
 30620
 315
 326
 332
 370
 384
 395
 399
 40
 429
 435
 44
 440
 456
 458
 461
 471
 48
 523
 533
 534
 535
 54
 554
 55511
 556
 583
 586
 587
 595
 643
 669
 67
 673
 676
 692
 717
 719
 726
 744
 765
 775
 779
 79
 811
 838
 846
 847
 861
 862
 9
 918
 1007
 1023
 1033
 105
 1083
 1125
 113
 1144
 1145
 1161
 1190
 1198
 1205
 1285
 1302
 132
 1352
 1395
 1415
 1450
 1467
 1534
 1568
 1575
 163
 17314
 17346
 177
 181
 18904
 18905
 18974
 18993
 18995
 19144
 19206
 19260
 212
 23
 235
 24102
 24125
 24940
 24942
 24948
 25046
 25054
 25062
 25351
 25727
 268
 30437
 30620
 315
 326
 370
 384
 395
 399
 429
 435
 44
 440
 456
 458
 461
 471
 48
 533
 534
 535
 54
 554
 55511
 556
 583
 586
 587
 595
 643
 669
 67
 673
 676
 692
 717
 719
 726
 744
 765
 775
 779
 79
 811
 842
 861
 862
 9
 918
 1005
 1007
 1023
 1033
 105
 1083
 1125
 113
 1144
 1145
 1161
 1190
 1198
 1205
 1285
 1302
 132
 1352
 1395
 1415
 1450
 1467
 1504
 1568
 1575
 163
 17314
 17346
 177
 181
 18904
 18905
 18974
 18993
 18995
 19144
 19206
 19260
 212
 23
 235
 24102
 24125
 24940
 24942
 24948
 25046
 25054
 25062
 25351
 25727
 268
 30437
 30620
 315
 326
 370
 384
 395
 429
 435
 44
 440
 456
 458
 461
 471
 48
 533
 534
 535
 54
 554
 55511
 556
 583
 586
 587
 595
 643
 66
 669
 67
 673
 676
 692
 708
 719
 726
 744
 765
 775
 779
 79
 811
 842
 861
 862
 9
 918
 1005
 1007
 1023
 1033
 1039
 1046
 105
 1083
 1125
 113
 1144
 1145
 1161
 1190
 1198
 1205
 1285
 1302
 132
 1352
 1395
 1415
 1450
 1467
 1568
 1575
 161
 163
 17314
 177
 18904
 18905
 18974
 18993
 18995
 19144
 19187
 19206
 19260
 212
 23
 235
 24102
 24125
 25727
 268
 30437
 30620
 315
 326
 370
 384
 395
 429
 435
 44
 440
 456
 458
 461
 471
 48
 513
 52
 533
 534
 535
 54
 554
 55511
 556
 583
 586
 587
 595
 643
 66
 669
 67
 673
 676
 692
 708
 719
 726
 744
 765
 775
 779
 79
 811
 842
 862
 9
 918
 1005
 1007
 1023
 1033
 1035
 1046
 105
 1083
 1125
 113
 1144
 1145
 1161
 1171
 1190
 1198
 1285
 1302
 132
 1352
 1395
 1415
 1450
 1467
 1568
 161
 17314
 177
 18904
 18974
 18995
 19187
 19206
 19260
 212
 23
 235
 24102
 24125
 25727
 268
 30437
 30620
 315
 326
 370
 384
 395
 409
 44
 440
 456
 458
 461
 471
 4911
 533
 534
 54
 554
 55511
 556
 56214
 583
 586
 587
 595
 643
 66
 669
 67
 673
 676
 692
 708
 719
 723
 726
 744
 775
 779
 79
 811
 842
 862
 869
 9
 918
 1005
 1007
 1023
 1033
 1035
 1046
 105
 1083
 1125
 113
 1144
 1145
 1161
 1190
 1198
 1285
 1302
 132
 1352
 1395
 1415
 1450
 1467
 1568
 161
 17314
 177
 18904
 18974
 19187
 19206
 19260
 212
 23
 235
 24102
 24125
 25727
 268
 30620
 315
 326
 370
 384
 395
 409
 44
 440
 456
 458
 461
 471
 48
 4911
 533
 534
 54
 554
 55511
 556
 55827
 56214
 56286
 583
 586
 587
 595
 643
 66
 669
 67
 673
 676
 692
 708
 719
 723
 726
 744
 775
 779
 79
 811
 842
 862
 9
 918
 1005
 1007
 1023
 1033
 1035
 1046
 105
 1083
 113
 1144
 1145
 1161
 1190
 1198
 1285
 1302
 132
 1352
 1378
 1395
 1415
 1450
 1467
 1568
 161
 17314
 177
 18904
 18974
 19187
 19206
 19260
 212
 23
 235
 24102
 24125
 25727
 268
 30620
 315
 326
 346
 370
 384
 395
 44
 440
 456
 458
 461
 471
 48
 4911
 533
 534
 54
 554
 55511
 556
 55827
 56214
 56286
 56471
 56472
 583
 586
 587
 595
 643
 66
 669
 67
 676
 692
 708
 719
 723
 726
 744
 775
 779
 79
 811
 842
 862
 9
 918
 1005
 1007
 1023
 1033
 1035
 1046
 105
 1083
 113
 1144
 1145
 1161
 1190
 1198
 12
 1285
 1302
 132
 1352
 1378
 1395
 1415
 1450
 1467
 1568
 161
 17314
 17344
 177
 18904
 18974
 19187
 19206
 19260
 212
 23
 235
 24102
 24125
 25727
 268
 30620
 315
 326
 346
 370
 373
 384
 395
 44
 440
 456
 458
 461
 471
 48
 4911
 533
 534
 54
 554
 55511
 556
 55827
 56214
 56286
 56471
 56472
 583
 586
 587
 595
 643
 66
 669
 67
 676
 692
 708
 719
 723
 726
 744
 775
 779
 79
 811
 842
 862
 886
 9
 918
 1005
 1007
 1023
 103
 1033
 1035
 1039
 1046
 1049
 105
 1055
 1060
 1070
 1073
 1074
 1076
 1078
 1083
 1085
 1090
 1112
 1115
 1125
 113
 1132
 1137
 1144
 1145
 1161
 117
 1171
 1180
 1190
 1198
 12
 1205
 1209
 1215
 1223
 1226
 1238
 1255
 1272
 1285
 1302
 1319
 132
 1336
 1346
 1352
 1367
 137
 1378
 1383
 1386
 1393
 1395
 1415
 1429
 1448
 145
 1450
 1467
 1488
 150
 1502
 1504
 1517
 1523
 1529
 1534
 1543
 1568
 1580
 1588
 160
 161
 16581
 16588
 16589
 16596
 16611
 16725
 17176
 17224
 17309
 17314
 17336
 17344
 177
 18903
 18904
 18974
 19172
 19187
 19188
 19204
 19206
 19211
 19260
 212
 23
 23417
 235
 24102
 24125
 24996
 253
 25727
 268
 3
 30270
 30523
 30620
 30690
 315
 32
 326
 342
 346
 358
 370
 373
 381
 384
 386
 393
 395
 405
 409
 413
 421
 435
 44
 440
 455
 456
 458
 461
 471
 48
 487
 4911
 498
 513
 516
 52
 533
 534
 54
 542
 554
 55511
 556
 55827
 56214
 56286
 56424
 56471
 56472
 56962
 56963
 576
 583
 586
 587
 595
 596
 605
 607
 613
 622
 643
 651
 657
 66
 669
 67
 676
 692
 708
 709
 719
 723
 726
 743
 744
 775
 779
 79
 795
 811
 842
 847
 858
 862
 868
 869
 876
 886
 888
 889
 9
 908
 918
 982
 987
 1005
 1007
 1023
 1033
 1035
 1046
 105
 1083
 113
 1144
 1145
 1161
 1190
 1198
 12
 1285
 1302
 132
 1352
 1378
 1395
 1415
 1450
 1467
 1568
 161
 17097
 17314
 17344
 177
 18904
 18974
 19187
 19206
 19260
 212
 23
 235
 24102
 24125
 25727
 268
 30620
 315
 326
 370
 373
 384
 395
 44
 440
 456
 458
 461
 471
 48
 4911
 533
 534
 54
 554
 55511
 556
 55827
 56214
 56286
 56424
 56471
 56472
 56963
 57063
 57199
 583
 586
 587
 595
 643
 66
 669
 67
 676
 692
 708
 719
 723
 726
 744
 775
 779
 79
 811
 842
 862
 9
 918
 1005
 1007
 1023
 1033
 1035
 1046
 105
 1083
 113
 1144
 1145
 1161
 1190
 1198
 12
 1285
 1302
 132
 1352
 1378
 1395
 1415
 1450
 1467
 1568
 1588
 161
 17097
 17314
 17344
 177
 18904
 18974
 19187
 19206
 19260
 212
 23
 235
 24102
 24125
 25727
 268
 30620
 315
 326
 370
 373
 384
 395
 44
 440
 456
 458
 461
 471
 48
 4911
 533
 534
 54
 554
 556
 55827
 56286
 56424
 56963
 57063
 57199
 583
 595
 643
 66
 669
 67
 676
 692
 708
 719
 723
 726
 744
 775
 779
 79
 811
 842
 862
 9
 918
 1005
 1007
 1023
 1033
 1035
 1046
 105
 1083
 113
 1144
 1145
 1161
 1190
 1198
 12
 1285
 1302
 132
 1352
 1378
 1395
 1415
 1450
 1467
 1575
 1588
 161
 17314
 177
 18974
 19187
 19206
 19260
 212
 23
 235
 24102
 24125
 25727
 268
 30620
 315
 326
 370
 384
 395
 44
 440
 456
 458
 461
 471
 48
 4911
 534
 54
 554
 556
 55827
 56286
 56424
 56963
 57063
 57199
 57247
 57250
 57254
 583
 595
 61843
 61844
 61846
 61847
 61915
 61948
 61949
 61973
 643
 66
 669
 67
 676
 692
 708
 719
 723
 726
 744
 775
 779
 79
 811
 842
 862
 9
 918
 1005
 1007
 1023
 1033
 1035
 1046
 105
 1083
 113
 1144
 1145
 1161
 1190
 1198
 1285
 1302
 132
 1352
 1378
 1395
 1415
 1450
 1467
 1575
 161
 17314
 177
 18974
 19187
 19206
 19260
 212
 23
 235
 24102
 24125
 25727
 268
 30620
 315
 326
 370
 384
 395
 44
 440
 456
 458
 461
 471
 48
 4911
 534
 54
 554
 556
 55827
 56424
 56963
 57063
 57199
 57247
 57250
 57254
 583
 595
 61843
 61844
 61846
 61847
 61915
 61937
 61938
 61948
 61949
 61973
 62034
 643
 66
 669
 67
 676
 692
 708
 719
 723
 726
 744
 775
 779
 79
 811
 842
 862
 9
 918
 1005
 1007
 1023
 1033
 1035
 1046
 105
 1083
 113
 1144
 1145
 1161
 1190
 1198
 1285
 1302
 132
 1352
 1378
 1395
 1415
 1450
 1467
 1575
 161
 17314
 177
 18974
 19187
 19206
 19260
 212
 23
 235
 24102
 24125
 25727
 268
 30620
 315
 326
 370
 384
 395
 44
 440
 456
 458
 461
 471
 48
 4911
 534
 54
 554
 556
 55827
 56424
 56963
 57063
 57199
 57247
 57250
 57254
 583
 595
 61843
 61844
 61846
 61847
 61915
 61937
 61938
 61948
 61949
 61973
 62034
 62041
 643
 66
 669
 67
 676
 692
 708
 719
 723
 726
 744
 775
 779
 79
 811
 842
 862
 9
 918
 1005
 1007
 1023
 1033
 1035
 1046
 105
 1083
 113
 1144
 1145
 1161
 1190
 1198
 1285
 1302
 132
 1352
 1395
 1415
 1450
 1467
 1575
 161
 17314
 177
 18974
 19187
 19206
 19260
 212
 23
 235
 24102
 24125
 25727
 268
 3
 30620
 315
 326
 370
 384
 395
 44
 440
 456
 458
 461
 471
 48
 534
 54
 554
 556
 55827
 56424
 56963
 57063
 57199
 57247
 57250
 57254
 583
 595
 61843
 61844
 61846
 61847
 61915
 61937
 61938
 61948
 61949
 61973
 61986
 62034
 62041
 643
 66
 669
 67
 676
 692
 708
 719
 723
 726
 744
 775
 779
 79
 811
 842
 862
 886
 9
 918
 1005
 1007
 1023
 1033
 1035
 1046
 105
 1083
 113
 1144
 1145
 1161
 1190
 1198
 1285
 1302
 132
 1352
 1395
 1415
 1450
 1467
 1575
 161
 17314
 177
 18974
 19187
 19206
 19260
 212
 23
 235
 24102
 24125
 25727
 268
 30620
 315
 326
 370
 384
 395
 44
 440
 456
 458
 461
 471
 48
 534
 54
 554
 556
 55827
 56424
 56963
 57063
 57199
 57247
 57250
 57254
 583
 595
 61843
 61844
 61846
 61847
 61915
 61937
 61938
 61948
 61949
 61973
 61986
 62034
 62041
 62122
 62139
 643
 66
 669
 67
 671
 676
 692
 708
 719
 723
 726
 744
 775
 779
 79
 811
 842
 862
 886
 9
 918
 1005
 1007
 1023
 1033
 1035
 1046
 105
 1083
 113
 1144
 1145
 1161
 1190
 1198
 1285
 1302
 132
 1352
 1395
 1415
 1450
 1467
 1575
 161
 17314
 177
 18974
 19187
 19206
 19260
 212
 23
 235
 24102
 24125
 25727
 268
 30620
 315
 326
 370
 384
 395
 44
 440
 456
 458
 461
 471
 48
 534
 54
 554
 556
 55827
 56424
 56963
 57063
 57199
 583
 595
 61986
 62034
 62041
 62122
 62139
 643
 66
 669
 67
 671
 692
 708
 719
 723
 726
 744
 775
 779
 79
 811
 842
 862
 886
 9
 918
